datetime,open,high,low,close,volume
2006-04-28 21:00:00+00:00,0.7599,0.7744,0.75525,0.7726,34654.0
2006-05-05 21:00:00+00:00,0.7728,0.7793,0.7633,0.7727,46571.0
2006-05-12 21:00:00+00:00,0.7729,0.7749,0.7524,0.7582,59113.0
2006-05-19 21:00:00+00:00,0.7579,0.7622,0.7466,0.7575,56014.0
2006-05-26 21:00:00+00:00,0.757,0.76535,0.744,0.7521,45829.0
2006-06-02 21:00:00+00:00,0.7519,0.7547,0.7393,0.7481,49776.0
2006-06-09 21:00:00+00:00,0.7477,0.7498,0.7346,0.738,48319.0
2006-06-16 21:00:00+00:00,0.7385,0.7424,0.7306,0.7317,39610.0
2006-06-23 21:00:00+00:00,0.7319,0.7451,0.727,0.7429,45316.0
2006-06-30 21:00:00+00:00,0.7431,0.753,0.74,0.7514,40059.0
2006-07-07 21:00:00+00:00,0.752,0.7567,0.7461,0.7533,44159.0
2006-07-14 21:00:00+00:00,0.7531,0.7545,0.7406,0.7523,51804.0
2006-07-21 21:00:00+00:00,0.75235,0.7676,0.7504,0.7675,55635.0
2006-07-28 21:00:00+00:00,0.7669,0.76815,0.7586,0.7654,60624.0
2006-08-04 21:00:00+00:00,0.7664,0.7716,0.7566,0.7662,55640.0
2006-08-11 21:00:00+00:00,0.7663,0.77,0.7562,0.7594,50408.0
2006-08-18 21:00:00+00:00,0.7596,0.767,0.7552,0.7572,42827.0
2006-08-25 21:00:00+00:00,0.7572,0.7671,0.7564,0.767,38761.0
2006-09-01 21:00:00+00:00,0.7669,0.7721,0.753,0.754,45712.0
2006-09-08 21:00:00+00:00,0.7538,0.7567,0.7482,0.7529,46877.0
2006-09-15 21:00:00+00:00,0.753,0.7579,0.7495,0.7506,44704.0
2006-09-22 21:00:00+00:00,0.7512,0.7558,0.7434,0.7462,55141.0
2006-09-29 21:00:00+00:00,0.7461,0.7492,0.7417,0.7426,42894.0
2006-10-06 21:00:00+00:00,0.7425,0.75325,0.7416,0.751,44806.0
2006-10-13 21:00:00+00:00,0.7507,0.7605,0.74925,0.7586,36891.0
2006-10-20 21:00:00+00:00,0.7581,0.7696,0.7559,0.7685,37917.0
2006-10-27 21:00:00+00:00,0.7683,0.7767,0.7674,0.7698,42674.0
2006-11-03 22:00:00+00:00,0.7696,0.776,0.7647,0.7676,43692.0
2006-11-10 22:00:00+00:00,0.767,0.7698,0.7616,0.769,41508.0
2006-11-17 22:00:00+00:00,0.7685,0.7791,0.7677,0.7789,34777.0
2006-11-24 22:00:00+00:00,0.7787,0.7926,0.7763,0.7889,45305.0
2006-12-01 22:00:00+00:00,0.789,0.793,0.7837,0.7856,47175.0
2006-12-08 22:00:00+00:00,0.7856,0.7894,0.7795,0.7817,44496.0
2006-12-15 22:00:00+00:00,0.7808,0.788,0.7781,0.7838,42200.0
2006-12-22 22:00:00+00:00,0.7781,0.79235,0.7781,0.7888,26445.0
2006-12-29 22:00:00+00:00,0.7886,0.7979,0.7784,0.7787,34931.0
2007-01-05 22:00:00+00:00,0.7796,0.7842,0.7761,0.7838,41490.0
2007-01-12 22:00:00+00:00,0.7837,0.79055,0.7814,0.7897,41636.0
2007-01-19 22:00:00+00:00,0.7898,0.7937,0.772,0.7739,50627.0
2007-01-26 22:00:00+00:00,0.7735,0.7772,0.7697,0.775,48949.0
2007-02-02 22:00:00+00:00,0.7739,0.7821,0.7726,0.7764,42459.0
2007-02-09 22:00:00+00:00,0.7765,0.7872,0.7708,0.7869,50415.0
2007-02-16 22:00:00+00:00,0.7869,0.7924,0.7846,0.7917,39728.0
2007-02-23 22:00:00+00:00,0.7909,0.7947,0.7812,0.7824,51860.0
2007-03-02 22:00:00+00:00,0.7823,0.78235,0.7682,0.7801,57284.0
2007-03-09 22:00:00+00:00,0.7831,0.7978,0.7798,0.7962,48814.0
2007-03-16 21:00:00+00:00,0.795,0.8091,0.7934,0.8049,51723.0
2007-03-23 21:00:00+00:00,0.8053,0.8127,0.80285,0.80854,62905.0
2007-03-30 21:00:00+00:00,0.8093,0.821,0.80645,0.81624,59152.0
2007-04-06 21:00:00+00:00,0.81634,0.83392,0.81495,0.8334,55671.0
2007-04-13 21:00:00+00:00,0.8331,0.83925,0.82815,0.83761,59943.0
2007-04-20 21:00:00+00:00,0.83761,0.8378,0.82335,0.82999,67173.0
2007-04-27 21:00:00+00:00,0.82999,0.83295,0.81715,0.82142,70431.0
2007-05-04 21:00:00+00:00,0.82148,0.83359,0.82053,0.83145,70955.0
2007-05-11 21:00:00+00:00,0.8324,0.83525,0.82031,0.82283,66675.0
2007-05-18 21:00:00+00:00,0.82283,0.8267,0.81752,0.81791,70720.0
2007-05-25 21:00:00+00:00,0.81823,0.8331,0.8163,0.8331,63187.0
2007-06-01 21:00:00+00:00,0.83305,0.8477,0.83105,0.84492,66305.0
2007-06-08 21:00:00+00:00,0.84445,0.8447,0.83331,0.84213,59486.0
2007-06-15 21:00:00+00:00,0.8427,0.84939,0.83975,0.84715,59433.0
2007-06-22 21:00:00+00:00,0.8472,0.85218,0.83555,0.84928,61768.0
2007-06-29 21:00:00+00:00,0.84935,0.86096,0.8477,0.8581,49459.0
2007-07-06 21:00:00+00:00,0.85806,0.87176,0.85657,0.8712,52780.0
2007-07-13 21:00:00+00:00,0.87122,0.88335,0.86935,0.88029,49773.0
2007-07-20 21:00:00+00:00,0.88025,0.88719,0.85111,0.85188,73911.0
2007-07-27 21:00:00+00:00,0.8517,0.8615,0.84464,0.85475,85872.0
2007-08-03 21:00:00+00:00,0.85435,0.86625,0.84001,0.8445,73067.0
2007-08-10 21:00:00+00:00,0.8445,0.85066,0.76735,0.7976,116662.0
2007-08-17 21:00:00+00:00,0.7992,0.82727,0.7891,0.82721,95453.0
2007-08-24 21:00:00+00:00,0.82686,0.83349,0.80517,0.81853,79002.0
2007-08-31 21:00:00+00:00,0.81691,0.83096,0.8156,0.8266,71578.0
2007-09-07 21:00:00+00:00,0.82645,0.84388,0.81725,0.842,80285.0
2007-09-14 21:00:00+00:00,0.84187,0.87026,0.8276,0.86662,84085.0
2007-09-21 21:00:00+00:00,0.86696,0.88869,0.86116,0.88789,68871.0
2007-09-28 21:00:00+00:00,0.88825,0.9006,0.87955,0.89753,75963.0
2007-10-05 21:00:00+00:00,0.89768,0.90607,0.89131,0.90455,75553.0
2007-10-12 21:00:00+00:00,0.90498,0.90785,0.88163,0.89034,101057.0
2007-10-19 21:00:00+00:00,0.89075,0.91876,0.87507,0.91843,105920.0
2007-10-26 21:00:00+00:00,0.91843,0.93482,0.91083,0.92319,147407.0
2007-11-02 21:00:00+00:00,0.92184,0.94006,0.91008,0.91165,143939.0
2007-11-09 22:00:00+00:00,0.9107,0.91075,0.87533,0.89295,157991.0
2007-11-16 22:00:00+00:00,0.89287,0.89983,0.86534,0.8778,115321.0
2007-11-23 22:00:00+00:00,0.87664,0.8921,0.86679,0.8843,137743.0
2007-11-30 22:00:00+00:00,0.88444,0.88539,0.86603,0.87602,111709.0
2007-12-07 22:00:00+00:00,0.87581,0.8908,0.86037,0.8607,107586.0
2007-12-14 22:00:00+00:00,0.86065,0.86976,0.85545,0.86736,102690.0
2007-12-21 22:00:00+00:00,0.86722,0.8792,0.86716,0.87616,47716.0
2007-12-28 22:00:00+00:00,0.87614,0.88505,0.87006,0.87216,65235.0
2008-01-04 22:00:00+00:00,0.87232,0.89754,0.86842,0.89095,121869.0
2008-01-11 22:00:00+00:00,0.89095,0.90181,0.8701,0.87913,149105.0
2008-01-18 22:00:00+00:00,0.87939,0.88539,0.85145,0.87957,162320.0
2008-01-25 22:00:00+00:00,0.87943,0.90471,0.8768,0.90425,125993.0
2008-02-01 22:00:00+00:00,0.90395,0.91006,0.88747,0.89555,138356.0
2008-02-08 22:00:00+00:00,0.89535,0.90965,0.89241,0.90904,122265.0
2008-02-15 22:00:00+00:00,0.90838,0.92507,0.90545,0.92385,110220.0
2008-02-22 22:00:00+00:00,0.92365,0.94978,0.9217,0.93088,131846.0
2008-02-29 22:00:00+00:00,0.93064,0.94217,0.92183,0.92681,133710.0
2008-03-07 22:00:00+00:00,0.9268,0.94725,0.91492,0.93729,149193.0
2008-03-14 21:00:00+00:00,0.93752,0.94479,0.89538,0.90208,126368.0
2008-03-21 21:00:00+00:00,0.9021,0.92535,0.89792,0.9173,109740.0
2008-03-28 21:00:00+00:00,0.91723,0.9229,0.903,0.92283,138601.0
2008-04-04 21:00:00+00:00,0.92283,0.93462,0.91787,0.92787,126337.0
2008-04-11 21:00:00+00:00,0.92788,0.94014,0.9206,0.93467,142220.0
2008-04-18 21:00:00+00:00,0.93418,0.95423,0.92921,0.93335,143774.0
2008-04-25 21:00:00+00:00,0.93355,0.94715,0.92755,0.93466,126756.0
2008-05-02 21:00:00+00:00,0.93457,0.95066,0.93427,0.94344,119545.0
2008-05-09 21:00:00+00:00,0.94247,0.95603,0.92912,0.95574,119895.0
2008-05-16 21:00:00+00:00,0.95508,0.96547,0.95116,0.95915,112743.0
2008-05-23 21:00:00+00:00,0.95912,0.96372,0.95129,0.95588,98564.0
2008-05-30 21:00:00+00:00,0.95569,0.96427,0.94844,0.96266,122455.0
2008-06-06 21:00:00+00:00,0.96269,0.96472,0.93278,0.93892,122100.0
2008-06-13 21:00:00+00:00,0.93878,0.95674,0.93705,0.95334,108721.0
2008-06-20 21:00:00+00:00,0.9534,0.96334,0.94936,0.961,112639.0
2008-06-27 21:00:00+00:00,0.96149,0.96677,0.9512,0.96345,101908.0
2008-07-04 21:00:00+00:00,0.96295,0.9718,0.94767,0.9663,122647.0
2008-07-11 21:00:00+00:00,0.96638,0.98503,0.96638,0.97023,120835.0
2008-07-18 21:00:00+00:00,0.97023,0.97933,0.95393,0.95623,122242.0
2008-07-25 21:00:00+00:00,0.95603,0.95944,0.92859,0.92912,124809.0
2008-08-01 21:00:00+00:00,0.92961,0.93465,0.88673,0.88854,140121.0
2008-08-08 21:00:00+00:00,0.88922,0.89524,0.8593,0.86618,159340.0
2008-08-15 21:00:00+00:00,0.86688,0.8813,0.86256,0.8664,139855.0
2008-08-22 21:00:00+00:00,0.86612,0.86942,0.84938,0.85794,143033.0
2008-08-29 21:00:00+00:00,0.85744,0.85806,0.80292,0.81591,166100.0
2008-09-05 21:00:00+00:00,0.81769,0.83528,0.79006,0.8237,188508.0
2008-09-12 21:00:00+00:00,0.82323,0.83623,0.78014,0.83393,188365.0
2008-09-19 21:00:00+00:00,0.8339,0.85201,0.82401,0.83105,181617.0
2008-09-26 21:00:00+00:00,0.8317,0.83435,0.76982,0.774,170225.0
2008-10-03 21:00:00+00:00,0.77415,0.77415,0.63245,0.64325,224308.0
2008-10-10 21:00:00+00:00,0.66025,0.72382,0.64993,0.68885,220739.0
2008-10-17 21:00:00+00:00,0.68885,0.70645,0.60518,0.62252,242430.0
2008-10-24 21:00:00+00:00,0.62252,0.68944,0.60093,0.6677,202302.0
2008-10-31 21:00:00+00:00,0.66765,0.70146,0.65426,0.6743,312128.0
2008-11-07 22:00:00+00:00,0.6745,0.69871,0.63422,0.6488,295765.0
2008-11-14 22:00:00+00:00,0.6481,0.65976,0.60746,0.6326,341513.0
2008-11-21 22:00:00+00:00,0.6326,0.66184,0.62315,0.65475,278958.0
2008-11-28 22:00:00+00:00,0.65475,0.65475,0.62904,0.64635,281936.0
2008-12-05 22:00:00+00:00,0.64783,0.68004,0.64535,0.66433,266821.0
2008-12-12 22:00:00+00:00,0.6636,0.71382,0.66118,0.68025,244653.0
2008-12-19 22:00:00+00:00,0.68025,0.68948,0.67566,0.6839,81919.0
2008-12-26 22:00:00+00:00,0.6839,0.71187,0.6836,0.71115,80714.0
2009-01-02 22:00:00+00:00,0.7138,0.72696,0.6954,0.7033,196660.0
2009-01-09 22:00:00+00:00,0.70363,0.70391,0.65372,0.67323,227931.0
2009-01-16 22:00:00+00:00,0.67264,0.68431,0.64167,0.6539,255679.0
2009-01-23 22:00:00+00:00,0.6549,0.67333,0.6346,0.63557,179433.0
2009-01-30 22:00:00+00:00,0.63555,0.68035,0.62488,0.67533,222436.0
2009-02-06 22:00:00+00:00,0.6747,0.68494,0.64312,0.65677,202098.0
2009-02-13 22:00:00+00:00,0.65677,0.65702,0.6331,0.64521,172968.0
2009-02-20 22:00:00+00:00,0.64388,0.65554,0.6339,0.63893,209042.0
2009-02-27 22:00:00+00:00,0.63815,0.65288,0.62857,0.6403,245494.0
2009-03-06 22:00:00+00:00,0.64036,0.66047,0.6307,0.65812,240387.0
2009-03-13 21:00:00+00:00,0.65817,0.69448,0.65279,0.68687,238442.0
2009-03-20 21:00:00+00:00,0.68697,0.7095,0.6866,0.69415,227313.0
2009-03-27 21:00:00+00:00,0.69356,0.72307,0.67703,0.71499,231567.0
2009-04-03 21:00:00+00:00,0.71499,0.72093,0.70326,0.71957,215431.0
2009-04-10 21:00:00+00:00,0.7196,0.73286,0.71368,0.72252,209835.0
2009-04-17 21:00:00+00:00,0.72211,0.72485,0.69532,0.7233,281699.0
2009-04-24 21:00:00+00:00,0.72309,0.73847,0.69896,0.73066,260795.0
2009-05-01 21:00:00+00:00,0.72987,0.77088,0.72987,0.76865,254753.0
2009-05-08 21:00:00+00:00,0.76791,0.77138,0.74666,0.74908,306572.0
2009-05-15 21:00:00+00:00,0.74935,0.78683,0.74508,0.78277,299742.0
2009-05-22 21:00:00+00:00,0.78275,0.80164,0.77027,0.80119,290376.0
2009-05-29 21:00:00+00:00,0.80097,0.82648,0.78904,0.79325,356957.0
2009-06-05 21:00:00+00:00,0.79325,0.82376,0.78284,0.81241,171065.0
2009-06-12 21:00:00+00:00,0.8124,0.81382,0.78512,0.8064,156943.0
2009-06-19 21:00:00+00:00,0.80631,0.80962,0.77898,0.80733,153336.0
2009-06-26 21:00:00+00:00,0.80733,0.81558,0.79028,0.7969,111516.0
2009-07-03 21:00:00+00:00,0.7969,0.80386,0.77238,0.77878,143138.0
2009-07-10 21:00:00+00:00,0.77878,0.80722,0.77032,0.80241,128184.0
2009-07-17 21:00:00+00:00,0.80138,0.82226,0.80012,0.81718,105428.0
2009-07-24 21:00:00+00:00,0.81623,0.83662,0.8126,0.83585,112126.0
2009-07-31 21:00:00+00:00,0.83601,0.84715,0.83405,0.83724,118929.0
2009-08-07 21:00:00+00:00,0.83724,0.84784,0.81804,0.8326,115098.0
2009-08-14 21:00:00+00:00,0.83235,0.83965,0.81562,0.83487,113883.0
2009-08-21 21:00:00+00:00,0.83487,0.84719,0.82389,0.841,103530.0
2009-08-28 21:00:00+00:00,0.8417,0.85362,0.82406,0.85066,111402.0
2009-09-04 21:00:00+00:00,0.85167,0.86759,0.85075,0.86336,94005.0
2009-09-11 21:00:00+00:00,0.86343,0.87752,0.85442,0.86748,97935.0
2009-09-18 21:00:00+00:00,0.86789,0.8789,0.8591,0.86801,104283.0
2009-09-25 21:00:00+00:00,0.86769,0.88599,0.8569,0.86524,105466.0
2009-10-02 21:00:00+00:00,0.86475,0.90908,0.86451,0.90372,93272.0
2009-10-09 21:00:00+00:00,0.90391,0.92693,0.89838,0.91658,87947.0
2009-10-16 21:00:00+00:00,0.91647,0.93282,0.91136,0.92243,102379.0
2009-10-23 21:00:00+00:00,0.92247,0.92769,0.89441,0.89956,115843.0
2009-10-30 21:00:00+00:00,0.89963,0.9198,0.89068,0.91888,127587.0
2009-11-06 22:00:00+00:00,0.91896,0.93703,0.91825,0.93296,103787.0
2009-11-13 22:00:00+00:00,0.93353,0.94061,0.9061,0.91464,100602.0
2009-11-20 22:00:00+00:00,0.91475,0.93214,0.89468,0.90627,112169.0
2009-11-27 22:00:00+00:00,0.90623,0.93221,0.90623,0.91468,110682.0
2009-12-04 22:00:00+00:00,0.91473,0.91955,0.90152,0.91271,106481.0
2009-12-11 22:00:00+00:00,0.91263,0.91746,0.88108,0.88999,98786.0
2009-12-18 22:00:00+00:00,0.89019,0.89363,0.87349,0.8844,51777.0
2009-12-25 22:00:00+00:00,0.88445,0.9012,0.88264,0.89775,37536.0
2010-01-01 22:00:00+00:00,0.8977,0.92666,0.89389,0.92471,86221.0
2010-01-08 22:00:00+00:00,0.92471,0.933,0.91714,0.92271,91753.0
2010-01-15 22:00:00+00:00,0.92259,0.92796,0.89833,0.90061,104048.0
2010-01-22 22:00:00+00:00,0.90057,0.90932,0.88339,0.88374,123323.0
2010-01-29 22:00:00+00:00,0.88374,0.89272,0.85785,0.86836,116762.0
2010-02-05 22:00:00+00:00,0.86845,0.89206,0.86142,0.88774,115817.0
2010-02-12 22:00:00+00:00,0.8877,0.9036,0.88482,0.89889,86341.0
2010-02-19 22:00:00+00:00,0.89894,0.90713,0.88006,0.89541,106491.0
2010-02-26 22:00:00+00:00,0.89537,0.90934,0.89354,0.90767,102829.0
2010-03-05 22:00:00+00:00,0.90727,0.91941,0.90555,0.91523,82018.0
2010-03-12 22:00:00+00:00,0.91529,0.92519,0.90959,0.91539,81417.0
2010-03-19 21:00:00+00:00,0.91551,0.91984,0.90016,0.90404,86650.0
2010-03-26 21:00:00+00:00,0.90372,0.9217,0.90332,0.91915,65384.0
2010-04-02 21:00:00+00:00,0.9194,0.93462,0.91657,0.93308,56968.0
2010-04-09 21:00:00+00:00,0.93325,0.9389,0.92235,0.92415,65897.0
2010-04-16 21:00:00+00:00,0.92395,0.93378,0.91579,0.9278,79623.0
2010-04-23 21:00:00+00:00,0.92785,0.93244,0.91357,0.92431,80920.0
2010-04-30 21:00:00+00:00,0.92325,0.92748,0.87098,0.88765,162689.0
2010-05-07 21:00:00+00:00,0.88723,0.90784,0.88505,0.8858,132754.0
2010-05-14 21:00:00+00:00,0.88628,0.88629,0.80732,0.83272,237509.0
2010-05-21 21:00:00+00:00,0.83312,0.85514,0.8067,0.84743,193207.0
2010-05-28 21:00:00+00:00,0.84743,0.85228,0.82136,0.82338,154064.0
2010-06-04 21:00:00+00:00,0.82333,0.85096,0.80822,0.85037,173027.0
2010-06-11 21:00:00+00:00,0.85047,0.87304,0.85037,0.87204,119941.0
2010-06-18 21:00:00+00:00,0.87196,0.88594,0.8596,0.87388,136551.0
2010-06-25 21:00:00+00:00,0.87398,0.87772,0.83163,0.8416,139680.0
2010-07-02 21:00:00+00:00,0.84163,0.87907,0.83174,0.87762,100368.0
2010-07-09 21:00:00+00:00,0.8777,0.88714,0.8682,0.86894,107494.0
2010-07-16 21:00:00+00:00,0.86887,0.89711,0.86336,0.89565,115377.0
2010-07-23 21:00:00+00:00,0.89538,0.90689,0.89058,0.90421,105370.0
2010-07-30 21:00:00+00:00,0.90406,0.92218,0.90328,0.91825,87503.0
2010-08-06 21:00:00+00:00,0.9183,0.92054,0.89145,0.89288,99361.0
2010-08-13 21:00:00+00:00,0.89378,0.90799,0.88414,0.89387,99001.0
2010-08-20 21:00:00+00:00,0.89391,0.89993,0.87709,0.89904,101926.0
2010-08-27 21:00:00+00:00,0.89914,0.91762,0.8861,0.91665,89765.0
2010-09-03 21:00:00+00:00,0.91665,0.92772,0.90924,0.9265,75921.0
2010-09-10 21:00:00+00:00,0.92638,0.94686,0.92638,0.93621,87102.0
2010-09-17 21:00:00+00:00,0.93634,0.96148,0.93579,0.95903,90648.0
2010-09-24 21:00:00+00:00,0.95886,0.97505,0.95598,0.97275,96106.0
2010-10-01 21:00:00+00:00,0.97279,0.99176,0.95419,0.98495,101681.0
2010-10-08 21:00:00+00:00,0.9849,1.00024,0.97672,0.99082,98610.0
2010-10-15 21:00:00+00:00,0.99077,0.99576,0.96617,0.98275,132379.0
2010-10-22 21:00:00+00:00,0.98313,0.9974,0.9652,0.98357,113191.0
2010-10-29 21:00:00+00:00,0.98376,1.01829,0.98147,1.01586,113039.0
2010-11-05 21:00:00+00:00,1.01522,1.01735,0.98256,0.98465,138661.0
2010-11-12 22:00:00+00:00,0.9844,0.99199,0.9725,0.98645,118698.0
2010-11-19 22:00:00+00:00,0.98651,0.99541,0.96129,0.96457,123422.0
2010-11-26 22:00:00+00:00,0.96468,0.99381,0.95375,0.99308,140009.0
2010-12-03 22:00:00+00:00,0.99313,0.99654,0.97518,0.98536,112159.0
2010-12-10 22:00:00+00:00,0.98496,1.00288,0.98314,0.988,92893.0
2010-12-17 22:00:00+00:00,0.98806,1.00666,0.98628,1.0047,64745.0
2010-12-24 22:00:00+00:00,1.0044,1.02568,0.99885,1.02324,63389.0
2010-12-31 22:00:00+00:00,1.02305,1.02563,0.99076,0.99586,90376.0
2011-01-07 22:00:00+00:00,0.99591,1.00204,0.98044,0.98875,99165.0
2011-01-14 22:00:00+00:00,0.98895,1.00771,0.98328,0.98976,96515.0
2011-01-21 22:00:00+00:00,0.98968,1.00221,0.98639,0.99395,94965.0
2011-01-28 22:00:00+00:00,0.9942,1.02002,0.98668,1.0138,90579.0
2011-02-04 22:00:00+00:00,1.0138,1.01894,0.99608,1.00192,81303.0
2011-02-11 22:00:00+00:00,1.00182,1.01578,0.99439,1.0146,76693.0
2011-02-18 22:00:00+00:00,1.0146,1.01787,0.99678,1.01766,85775.0
2011-02-25 22:00:00+00:00,1.0177,1.02024,1.00755,1.0138,77508.0
2011-03-04 22:00:00+00:00,1.014,1.01848,0.9969,1.01384,82767.0
2011-03-11 22:00:00+00:00,1.01384,1.01593,0.97064,0.99588,155110.0
2011-03-18 21:00:00+00:00,0.99588,1.0294,0.99295,1.02599,80246.0
2011-03-25 21:00:00+00:00,1.02599,1.03971,1.02046,1.0384,71748.0
2011-04-01 21:00:00+00:00,1.0384,1.05829,1.02888,1.05638,79336.0
2011-04-08 21:00:00+00:00,1.05638,1.0581,1.039,1.05665,97507.0
2011-04-15 21:00:00+00:00,1.05665,1.07746,1.04436,1.07352,83175.0
2011-04-22 21:00:00+00:00,1.07352,1.09777,1.06776,1.09747,81344.0
2011-04-29 21:00:00+00:00,1.09747,1.10119,1.05367,1.07021,141754.0
2011-05-06 21:00:00+00:00,1.07021,1.08889,1.05207,1.05727,147842.0
2011-05-13 21:00:00+00:00,1.05727,1.0711,1.05058,1.06592,146749.0
2011-05-20 21:00:00+00:00,1.06592,1.07187,1.04412,1.07059,144657.0
2011-05-27 21:00:00+00:00,1.07059,1.07748,1.05878,1.0716,114848.0
2011-06-03 21:00:00+00:00,1.0716,1.07675,1.0526,1.05368,116168.0
2011-06-10 21:00:00+00:00,1.05368,1.07154,1.04776,1.06231,123261.0
2011-06-17 21:00:00+00:00,1.06231,1.06502,1.04554,1.04905,120775.0
2011-06-24 21:00:00+00:00,1.04905,1.079,1.03908,1.07697,111730.0
2011-07-01 21:00:00+00:00,1.07697,1.07916,1.06549,1.07549,91486.0
2011-07-08 21:00:00+00:00,1.07549,1.08024,1.05256,1.06407,144372.0
2011-07-15 21:00:00+00:00,1.06407,1.08747,1.05606,1.08516,106493.0
2011-07-22 21:00:00+00:00,1.08516,1.10802,1.07958,1.09963,94986.0
2011-07-29 21:00:00+00:00,1.09963,1.10653,1.03757,1.04441,172527.0
2011-08-05 21:00:00+00:00,1.04441,1.04685,0.99282,1.03553,300233.0
2011-08-12 21:00:00+00:00,1.03553,1.06018,1.03158,1.04064,143368.0
2011-08-19 21:00:00+00:00,1.04064,1.05925,1.0363,1.05727,130792.0
2011-08-26 21:00:00+00:00,1.05727,1.07646,1.05616,1.06439,98194.0
2011-09-02 21:00:00+00:00,1.06439,1.06616,1.04219,1.04678,114658.0
2011-09-09 21:00:00+00:00,1.04678,1.04739,1.01781,1.03615,160165.0
2011-09-16 21:00:00+00:00,1.03615,1.03749,0.9669,0.97856,200834.0
2011-09-23 21:00:00+00:00,0.97856,0.99858,0.96225,0.96617,185312.0
2011-09-30 21:00:00+00:00,0.96617,0.98794,0.93879,0.97715,206998.0
2011-10-07 21:00:00+00:00,0.97715,1.03454,0.97297,1.0341,163636.0
2011-10-14 21:00:00+00:00,1.0341,1.03787,1.01188,1.03748,202191.0
2011-10-21 21:00:00+00:00,1.03748,1.07532,1.0314,1.07014,190920.0
2011-10-28 21:00:00+00:00,1.07014,1.0717,1.0203,1.03718,228052.0
2011-11-04 21:00:00+00:00,1.03768,1.04266,1.00522,1.02751,185846.0
2011-11-11 22:00:00+00:00,1.02751,1.03506,0.9965,1.00065,187185.0
2011-11-18 22:00:00+00:00,1.0008,1.00192,0.96639,0.9711,140606.0
2011-11-25 22:00:00+00:00,0.9711,1.03307,0.9711,1.0216,159332.0
2011-12-02 22:00:00+00:00,1.0216,1.03801,1.00486,1.0219,155188.0
2011-12-09 22:00:00+00:00,1.02157,1.02195,0.98616,0.99823,143612.0
2011-12-16 22:00:00+00:00,0.99777,1.02192,0.98835,1.01502,94292.0
2011-12-23 22:00:00+00:00,1.01275,1.02684,1.00448,1.02054,51343.0
2011-12-30 22:00:00+00:00,1.02062,1.03861,1.01958,1.02289,80597.0
2012-01-06 22:00:00+00:00,1.02289,1.03775,1.01458,1.03259,103744.0
2012-01-13 22:00:00+00:00,1.02961,1.04883,1.02547,1.04851,100074.0
2012-01-20 22:00:00+00:00,1.04851,1.06878,1.04286,1.06573,100549.0
2012-01-27 22:00:00+00:00,1.06573,1.07938,1.05267,1.07705,107484.0
2012-02-03 22:00:00+00:00,1.07705,1.08441,1.06404,1.06739,107037.0
2012-02-10 22:00:00+00:00,1.06732,1.07991,1.06288,1.07063,113268.0
2012-02-17 22:00:00+00:00,1.07063,1.08158,1.05976,1.06957,102622.0
2012-02-24 22:00:00+00:00,1.06957,1.08566,1.06506,1.0733,102091.0
2012-03-02 22:00:00+00:00,1.0733,1.0744,1.05098,1.05765,104292.0
2012-03-09 22:00:00+00:00,1.05715,1.05973,1.04235,1.05892,93952.0
2012-03-16 21:00:00+00:00,1.05892,1.06371,1.03364,1.04682,93161.0
2012-03-23 21:00:00+00:00,1.04682,1.05579,1.0305,1.03484,87593.0
2012-03-30 21:00:00+00:00,1.03484,1.04659,1.02442,1.03045,82247.0
2012-04-06 21:00:00+00:00,1.03015,1.04524,1.02264,1.03727,79987.0
2012-04-13 21:00:00+00:00,1.03727,1.04184,1.0305,1.03786,81694.0
2012-04-20 21:00:00+00:00,1.03786,1.04742,1.02476,1.04715,71988.0
2012-04-27 21:00:00+00:00,1.04715,1.04715,1.01706,1.01826,57375.0
2012-05-04 21:00:00+00:00,1.01826,1.02203,1.00187,1.00201,83595.0
2012-05-11 21:00:00+00:00,1.00201,1.0097,0.97951,0.98441,88014.0
2012-05-18 21:00:00+00:00,0.98441,0.99352,0.96901,0.97586,96486.0
2012-05-25 21:00:00+00:00,0.97586,0.98975,0.95818,0.9699,106353.0
2012-06-01 21:00:00+00:00,0.9699,1.00026,0.9628,0.99167,117324.0
2012-06-08 21:00:00+00:00,0.99167,1.00894,0.98509,1.0083,106884.0
2012-06-15 21:00:00+00:00,1.0083,1.02242,1.00086,1.00641,118974.0
2012-06-22 21:00:00+00:00,1.00641,1.02578,0.99692,1.0239,105125.0
2012-06-29 21:00:00+00:00,1.02345,1.0329,1.01796,1.02116,84307.0
2012-07-06 21:00:00+00:00,1.02116,1.02816,1.01004,1.02264,84003.0
2012-07-13 21:00:00+00:00,1.02264,1.04442,1.02027,1.03784,79238.0
2012-07-20 21:00:00+00:00,1.03784,1.04869,1.01766,1.04841,107494.0
2012-07-27 21:00:00+00:00,1.04841,1.05809,1.04363,1.05695,96631.0
2012-08-03 21:00:00+00:00,1.05695,1.06135,1.04974,1.05764,65016.0
2012-08-10 21:00:00+00:00,1.05764,1.05764,1.0411,1.04192,57916.0
2012-08-17 21:00:00+00:00,1.04192,1.0545,1.03758,1.04039,64792.0
2012-08-24 21:00:00+00:00,1.04039,1.04303,1.02768,1.03227,54008.0
2012-08-31 21:00:00+00:00,1.03227,1.04004,1.01666,1.0385,67873.0
2012-09-07 21:00:00+00:00,1.0385,1.06244,1.03231,1.0548,71501.0
2012-09-14 21:00:00+00:00,1.0548,1.05641,1.03676,1.04578,73084.0
2012-09-21 21:00:00+00:00,1.04578,1.04739,1.03287,1.03786,70595.0
2012-09-28 21:00:00+00:00,1.03786,1.04031,1.01524,1.0186,73149.0
2012-10-05 21:00:00+00:00,1.0186,1.02938,1.01496,1.02332,68749.0
2012-10-12 21:00:00+00:00,1.02332,1.04113,1.02026,1.03311,64371.0
2012-10-19 21:00:00+00:00,1.03311,1.0397,1.0236,1.03736,61568.0
2012-10-26 21:00:00+00:00,1.03736,1.04194,1.03258,1.03372,44776.0
2012-11-02 21:00:00+00:00,1.03372,1.04806,1.03335,1.03858,64172.0
2012-11-09 22:00:00+00:00,1.03858,1.04584,1.02876,1.03396,54421.0
2012-11-16 22:00:00+00:00,1.03396,1.04708,1.03387,1.04607,40540.0
2012-11-23 22:00:00+00:00,1.04607,1.049,1.04026,1.04264,44429.0
2012-11-30 22:00:00+00:00,1.04264,1.05156,1.03934,1.04878,43252.0
2012-12-07 22:00:00+00:00,1.04878,1.05855,1.04618,1.05663,70857.0
2012-12-14 22:00:00+00:00,1.05473,1.05731,1.03948,1.0402,126444.0
2012-12-21 22:00:00+00:00,1.03975,1.04162,1.03452,1.03726,68595.0
2012-12-28 22:00:00+00:00,1.03666,1.05275,1.03631,1.04808,117209.0
2013-01-04 22:00:00+00:00,1.04808,1.05987,1.04674,1.05361,155967.0
2013-01-11 22:00:00+00:00,1.05361,1.05804,1.04856,1.05106,165172.0
2013-01-18 22:00:00+00:00,1.05106,1.05782,1.04036,1.04236,154063.0
2013-01-25 22:00:00+00:00,1.04128,1.04768,1.03614,1.04067,163557.0
2013-02-01 22:00:00+00:00,1.04067,1.0458,1.02557,1.03187,172767.0
2013-02-08 22:00:00+00:00,1.03187,1.0375,1.02271,1.03052,285865.0
2013-02-15 22:00:00+00:00,1.03052,1.03678,1.0221,1.03198,321951.0
2013-02-22 22:00:00+00:00,1.03044,1.03282,1.01824,1.02037,491688.0
2013-03-01 22:00:00+00:00,1.02037,1.03014,1.01154,1.02354,388613.0
2013-03-08 22:00:00+00:00,1.02354,1.04144,1.02044,1.04092,436912.0
2013-03-15 21:00:00+00:00,1.04092,1.04602,1.03446,1.04438,407087.0
2013-03-22 21:00:00+00:00,1.04436,1.04972,1.03968,1.04196,227329.0
2013-03-29 21:00:00+00:00,1.0421,1.04976,1.03549,1.03832,230581.0
2013-04-05 21:00:00+00:00,1.03689,1.05823,1.03484,1.05084,262396.0
2013-04-12 21:00:00+00:00,1.05083,1.05238,1.0269,1.02771,407187.0
2013-04-19 21:00:00+00:00,1.02806,1.03396,1.02212,1.02761,302785.0
2013-04-26 21:00:00+00:00,1.0282,1.03848,1.0222,1.03186,263213.0
2013-05-03 21:00:00+00:00,1.03066,1.03134,0.99611,1.00246,308089.0
2013-05-10 21:00:00+00:00,1.00022,1.00154,0.97112,0.97323,359199.0
2013-05-17 21:00:00+00:00,0.9756,0.98424,0.95936,0.96519,427418.0
2013-05-24 21:00:00+00:00,0.96422,0.96972,0.95282,0.95711,391313.0
2013-05-31 21:00:00+00:00,0.96225,0.97918,0.94286,0.9497,499952.0
2013-06-07 21:00:00+00:00,0.94068,0.9666,0.9326,0.95702,504130.0
2013-06-14 21:00:00+00:00,0.95639,0.96414,0.91632,0.92191,453895.0
2013-06-21 21:00:00+00:00,0.92086,0.9345,0.91132,0.91394,471446.0
2013-06-28 21:00:00+00:00,0.91136,0.9253,0.90365,0.90654,418136.0
2013-07-05 21:00:00+00:00,0.90537,0.93058,0.89988,0.90488,440007.0
2013-07-12 21:00:00+00:00,0.90672,0.92924,0.90356,0.9172,367765.0
2013-07-19 21:00:00+00:00,0.91782,0.93188,0.91288,0.92633,368226.0
2013-07-26 21:00:00+00:00,0.92534,0.9287,0.88704,0.89042,406672.0
2013-08-02 21:00:00+00:00,0.89204,0.92148,0.88482,0.92038,331841.0
2013-08-09 21:00:00+00:00,0.91906,0.92208,0.90582,0.91846,315824.0
2013-08-16 21:00:00+00:00,0.9187,0.92332,0.8932,0.90259,370416.0
2013-08-23 21:00:00+00:00,0.90362,0.90704,0.88924,0.89007,304785.0
2013-08-30 21:00:00+00:00,0.8945,0.9217,0.89248,0.91868,317790.0
2013-09-06 21:00:00+00:00,0.92033,0.93546,0.91675,0.9245,267602.0
2013-09-13 21:00:00+00:00,0.93302,0.95288,0.92856,0.93934,283259.0
2013-09-20 21:00:00+00:00,0.93684,0.94576,0.92821,0.93172,224481.0
2013-09-27 21:00:00+00:00,0.93727,0.94589,0.92812,0.94343,253946.0
2013-10-04 21:00:00+00:00,0.94362,0.9485,0.93881,0.94676,229264.0
2013-10-11 21:00:00+00:00,0.94251,0.96792,0.94246,0.96777,245430.0
2013-10-18 21:00:00+00:00,0.96728,0.97578,0.9572,0.95858,244707.0
2013-10-25 21:00:00+00:00,0.95862,0.96226,0.94215,0.94388,264877.0
2013-11-01 21:00:00+00:00,0.94592,0.95434,0.93524,0.93856,277830.0
2013-11-08 22:00:00+00:00,0.93868,0.93904,0.92686,0.93681,242080.0
2013-11-15 22:00:00+00:00,0.9377,0.94478,0.91434,0.91795,282078.0
2013-11-22 22:00:00+00:00,0.91648,0.92046,0.90557,0.91083,249113.0
2013-11-29 22:00:00+00:00,0.9129,0.91686,0.89898,0.90993,291321.0
2013-12-06 22:00:00+00:00,0.91228,0.9167,0.89097,0.89636,246763.0
2013-12-13 22:00:00+00:00,0.89611,0.89698,0.8821,0.89216,257750.0
2013-12-20 22:00:00+00:00,0.89222,0.89582,0.88622,0.88688,136783.0
2013-12-27 22:00:00+00:00,0.88628,0.90048,0.88335,0.89468,202568.0
2014-01-03 22:00:00+00:00,0.89576,0.90052,0.88651,0.8996,261303.0
2014-01-10 22:00:00+00:00,0.89984,0.90864,0.87637,0.87816,234186.0
2014-01-17 22:00:00+00:00,0.87724,0.88882,0.86604,0.86824,234524.0
2014-01-24 22:00:00+00:00,0.86936,0.8826,0.86776,0.8755,266521.0
2014-01-31 22:00:00+00:00,0.87681,0.89984,0.87305,0.8959,253984.0
2014-02-07 22:00:00+00:00,0.89561,0.90673,0.89068,0.9034,190044.0
2014-02-14 22:00:00+00:00,0.90624,0.90808,0.8937,0.89766,199201.0
2014-02-21 22:00:00+00:00,0.89814,0.90491,0.89042,0.89272,201216.0
2014-02-28 22:00:00+00:00,0.8896,0.91335,0.88907,0.90682,203352.0
2014-03-07 22:00:00+00:00,0.90371,0.91036,0.89242,0.90316,202022.0
2014-03-14 21:00:00+00:00,0.90038,0.91384,0.89952,0.90823,183365.0
2014-03-21 21:00:00+00:00,0.91026,0.92954,0.90486,0.92487,173176.0
2014-03-28 21:00:00+00:00,0.92406,0.9308,0.92058,0.92922,176825.0
2014-04-04 21:00:00+00:00,0.92852,0.94612,0.92542,0.93936,185259.0
2014-04-11 21:00:00+00:00,0.93895,0.94256,0.93212,0.93317,161035.0
2014-04-18 21:00:00+00:00,0.93362,0.93784,0.92526,0.92765,138460.0
2014-04-25 21:00:00+00:00,0.92759,0.93168,0.92025,0.92766,178258.0
2014-05-02 21:00:00+00:00,0.92869,0.93944,0.92527,0.93633,182480.0
2014-05-09 21:00:00+00:00,0.93633,0.94092,0.9327,0.9357,143638.0
2014-05-16 21:00:00+00:00,0.93742,0.93758,0.9209,0.92298,148427.0
2014-05-23 21:00:00+00:00,0.92352,0.93298,0.92094,0.93095,137089.0
2014-05-30 21:00:00+00:00,0.931,0.9359,0.92286,0.93347,165818.0
2014-06-06 21:00:00+00:00,0.93378,0.94378,0.93344,0.94019,142357.0
2014-06-13 21:00:00+00:00,0.93938,0.94318,0.9322,0.93884,141209.0
2014-06-20 21:00:00+00:00,0.93767,0.94452,0.93546,0.94339,123178.0
2014-06-27 21:00:00+00:00,0.94233,0.95051,0.93286,0.9364,147408.0
2014-07-04 21:00:00+00:00,0.93649,0.9459,0.93416,0.93906,127150.0
2014-07-11 21:00:00+00:00,0.93784,0.94111,0.93299,0.93894,141934.0
2014-07-18 21:00:00+00:00,0.93929,0.9478,0.93609,0.93976,136421.0
2014-07-25 21:00:00+00:00,0.93958,0.94162,0.92757,0.93119,155193.0
2014-08-01 21:00:00+00:00,0.931,0.93744,0.92395,0.92771,140258.0
2014-08-08 21:00:00+00:00,0.9276,0.93344,0.92476,0.93211,21994.0
2014-08-15 21:00:00+00:00,0.93144,0.93437,0.92376,0.93161,27869.0
2014-08-22 21:00:00+00:00,0.93105,0.93741,0.9272,0.93407,25257.0
2014-08-29 21:00:00+00:00,0.93263,0.94021,0.92634,0.93766,30963.0
2014-09-05 21:00:00+00:00,0.93647,0.93746,0.90305,0.90368,51015.0
2014-09-12 21:00:00+00:00,0.90094,0.91124,0.89212,0.89238,61662.0
2014-09-19 21:00:00+00:00,0.89314,0.89498,0.87481,0.87651,56154.0
2014-09-26 21:00:00+00:00,0.87533,0.88266,0.86428,0.86744,75107.0
2014-10-03 21:00:00+00:00,0.8677,0.88988,0.8653,0.8685,84456.0
2014-10-10 21:00:00+00:00,0.86925,0.88608,0.8652,0.87456,97820.0
2014-10-17 21:00:00+00:00,0.87582,0.88326,0.8719,0.87973,56833.0
2014-10-24 21:00:00+00:00,0.88022,0.89114,0.87558,0.87973,82046.0
2014-10-31 21:00:00+00:00,0.87532,0.87616,0.85408,0.86332,124031.0
2014-11-07 22:00:00+00:00,0.8648,0.87735,0.85908,0.8752,77990.0
2014-11-14 22:00:00+00:00,0.878,0.87958,0.85662,0.867,74878.0
2014-11-21 22:00:00+00:00,0.86789,0.87007,0.848,0.8506,60861.0
2014-11-28 22:00:00+00:00,0.84708,0.85427,0.83152,0.83224,73631.0
2014-12-05 22:00:00+00:00,0.83071,0.83759,0.82151,0.8247,75600.0
2014-12-12 22:00:00+00:00,0.82474,0.82742,0.81072,0.81438,78255.0
2014-12-19 22:00:00+00:00,0.81432,0.81734,0.80881,0.81204,27592.0
2014-12-26 22:00:00+00:00,0.81238,0.82157,0.80783,0.80894,27640.0
2015-01-02 22:00:00+00:00,0.80734,0.82089,0.8033,0.82032,65246.0
2015-01-09 22:00:00+00:00,0.82106,0.82952,0.80681,0.82251,88715.0
2015-01-16 22:00:00+00:00,0.82216,0.82438,0.78812,0.79133,83040.0
2015-01-23 22:00:00+00:00,0.78813,0.80253,0.77203,0.77691,85597.0
2015-01-30 22:00:00+00:00,0.77556,0.78766,0.76264,0.77977,101219.0
2015-02-06 22:00:00+00:00,0.77624,0.78418,0.76442,0.77674,70710.0
2015-02-13 22:00:00+00:00,0.77728,0.78488,0.77422,0.78414,57188.0
2015-02-20 22:00:00+00:00,0.78488,0.79132,0.77397,0.78106,60983.0
2015-02-27 22:00:00+00:00,0.78074,0.78608,0.77064,0.77162,60518.0
2015-03-06 22:00:00+00:00,0.77078,0.77401,0.75608,0.76364,82575.0
2015-03-13 21:00:00+00:00,0.76208,0.78477,0.75909,0.7773,91679.0
2015-03-20 21:00:00+00:00,0.77819,0.79382,0.77453,0.77509,94143.0
2015-03-27 21:00:00+00:00,0.77343,0.77475,0.7533,0.76321,69439.0
2015-04-03 21:00:00+00:00,0.76403,0.77386,0.75769,0.76786,67818.0
2015-04-10 21:00:00+00:00,0.76688,0.78427,0.7553,0.77808,90039.0
2015-04-17 21:00:00+00:00,0.78265,0.78406,0.76832,0.78218,74565.0
2015-04-24 21:00:00+00:00,0.78234,0.80756,0.77914,0.78504,89235.0
2015-05-01 21:00:00+00:00,0.78325,0.80306,0.77874,0.79333,84173.0
2015-05-08 21:00:00+00:00,0.79293,0.81634,0.78765,0.80352,69908.0
2015-05-15 21:00:00+00:00,0.8039,0.80522,0.78108,0.78297,67088.0
2015-05-22 21:00:00+00:00,0.78263,0.784,0.76179,0.76444,69183.0
2015-05-29 21:00:00+00:00,0.76379,0.78191,0.75986,0.76283,78574.0
2015-06-05 21:00:00+00:00,0.76244,0.77934,0.76034,0.77286,81554.0
2015-06-12 21:00:00+00:00,0.7754,0.78488,0.76461,0.77716,59144.0
2015-06-19 21:00:00+00:00,0.7767,0.77964,0.76307,0.76554,48792.0
2015-06-26 21:00:00+00:00,0.76246,0.7739,0.75094,0.75181,67467.0
2015-07-03 21:00:00+00:00,0.74814,0.75327,0.73722,0.74448,70258.0
2015-07-10 21:00:00+00:00,0.74156,0.74889,0.735,0.73746,58252.0
2015-07-17 21:00:00+00:00,0.73814,0.74497,0.72602,0.7283,55994.0
2015-07-24 21:00:00+00:00,0.72714,0.73663,0.7235,0.7303,62772.0
2015-07-31 21:00:00+00:00,0.73214,0.74286,0.72601,0.7419,61208.0
2015-08-07 21:00:00+00:00,0.7414,0.74394,0.72158,0.73774,75293.0
2015-08-14 21:00:00+00:00,0.7378,0.73889,0.72847,0.73158,54418.0
2015-08-21 21:00:00+00:00,0.72982,0.7312,0.70429,0.71726,106742.0
2015-08-28 21:00:00+00:00,0.71726,0.71726,0.69083,0.69094,67643.0
2015-09-04 21:00:00+00:00,0.69294,0.70994,0.69131,0.70912,58124.0
2015-09-11 21:00:00+00:00,0.70816,0.72794,0.70634,0.71884,58330.0
2015-09-18 21:00:00+00:00,0.71832,0.71971,0.69388,0.7026,55509.0
2015-09-25 21:00:00+00:00,0.70291,0.70847,0.69369,0.70513,56455.0
2015-10-02 21:00:00+00:00,0.70558,0.73442,0.70426,0.7335,56746.0
2015-10-09 21:00:00+00:00,0.73178,0.73822,0.7199,0.72658,64326.0
2015-10-16 21:00:00+00:00,0.7258,0.73076,0.7183,0.72178,51255.0
2015-10-23 21:00:00+00:00,0.72183,0.72697,0.70678,0.7137,55097.0
2015-10-30 21:00:00+00:00,0.71162,0.72241,0.7023,0.70434,53903.0
2015-11-06 22:00:00+00:00,0.70273,0.7159,0.70161,0.71252,48402.0
2015-11-13 22:00:00+00:00,0.71205,0.72504,0.70694,0.7238,48510.0
2015-11-20 22:00:00+00:00,0.7231,0.72829,0.71592,0.71932,45836.0
2015-11-27 22:00:00+00:00,0.71924,0.73853,0.71707,0.734,60134.0
2015-12-04 22:00:00+00:00,0.73408,0.73428,0.71724,0.71878,53304.0
2015-12-11 22:00:00+00:00,0.7205,0.7283,0.7097,0.71747,62581.0
2015-12-18 22:00:00+00:00,0.71694,0.72806,0.71553,0.72658,25077.0
2015-12-25 22:00:00+00:00,0.72658,0.73278,0.72454,0.72938,21254.0
2016-01-01 22:00:00+00:00,0.72866,0.73014,0.69512,0.69526,73961.0
2016-01-08 22:00:00+00:00,0.69712,0.70488,0.68274,0.68631,87984.0
2016-01-15 22:00:00+00:00,0.6838,0.7046,0.68284,0.70036,92283.0
2016-01-22 22:00:00+00:00,0.70058,0.71408,0.6919,0.70836,84433.0
2016-01-29 22:00:00+00:00,0.70836,0.72428,0.70032,0.70675,74245.0
2016-02-05 22:00:00+00:00,0.70714,0.71536,0.69738,0.7109,92922.0
2016-02-12 22:00:00+00:00,0.70988,0.71869,0.70694,0.71481,66132.0
2016-02-19 22:00:00+00:00,0.71564,0.72594,0.71186,0.71278,63871.0
2016-02-26 22:00:00+00:00,0.71217,0.74428,0.7109,0.74408,71805.0
2016-03-04 22:00:00+00:00,0.74029,0.75834,0.73925,0.75643,81672.0
2016-03-11 22:00:00+00:00,0.75454,0.76804,0.74148,0.76027,80158.0
2016-03-18 21:00:00+00:00,0.75956,0.7649,0.74774,0.75078,59249.0
2016-03-25 21:00:00+00:00,0.75133,0.77232,0.74936,0.76775,71542.0
2016-04-01 21:00:00+00:00,0.76704,0.76786,0.74918,0.75544,74854.0
2016-04-08 21:00:00+00:00,0.75464,0.77371,0.75281,0.77243,70754.0
2016-04-15 21:00:00+00:00,0.76509,0.78346,0.76316,0.77096,75833.0
2016-04-22 21:00:00+00:00,0.7697,0.77655,0.75488,0.76054,73878.0
2016-04-29 21:00:00+00:00,0.75975,0.77197,0.7338,0.73672,78676.0
2016-05-06 21:00:00+00:00,0.73566,0.74022,0.72542,0.72693,62520.0
2016-05-13 21:00:00+00:00,0.725,0.73666,0.71764,0.72222,59513.0
2016-05-20 21:00:00+00:00,0.72237,0.72598,0.71454,0.71848,50273.0
2016-05-27 21:00:00+00:00,0.71772,0.73686,0.71489,0.73666,52539.0
2016-06-03 21:00:00+00:00,0.73701,0.75046,0.73156,0.73748,54993.0
2016-06-10 21:00:00+00:00,0.73756,0.74461,0.72854,0.73949,65474.0
2016-06-17 21:00:00+00:00,0.74352,0.76476,0.7307,0.74733,116074.0
2016-06-24 21:00:00+00:00,0.74154,0.75028,0.73249,0.74984,83514.0
2016-07-01 21:00:00+00:00,0.74498,0.75729,0.74082,0.75684,72846.0
2016-07-08 21:00:00+00:00,0.75656,0.76761,0.7522,0.75767,66375.0
2016-07-15 21:00:00+00:00,0.75978,0.76068,0.74429,0.74648,53164.0
2016-07-22 21:00:00+00:00,0.7462,0.761,0.74214,0.76008,54017.0
2016-07-29 21:00:00+00:00,0.75975,0.76642,0.74902,0.7619,51814.0
2016-08-05 21:00:00+00:00,0.76177,0.77558,0.75976,0.76502,44172.0
2016-08-12 21:00:00+00:00,0.76587,0.77492,0.75994,0.76261,57709.0
2016-08-19 21:00:00+00:00,0.76038,0.76922,0.75516,0.75633,56197.0
2016-08-26 21:00:00+00:00,0.75607,0.76158,0.74904,0.75718,57327.0
2016-09-02 21:00:00+00:00,0.75684,0.77323,0.75378,0.75402,52949.0
2016-09-09 21:00:00+00:00,0.75394,0.75679,0.74422,0.74928,71537.0
2016-09-16 21:00:00+00:00,0.74822,0.76748,0.74793,0.76229,52800.0
2016-09-23 21:00:00+00:00,0.76184,0.77102,0.75902,0.76595,53881.0
2016-09-30 21:00:00+00:00,0.76628,0.7691,0.75532,0.75875,56934.0
2016-10-07 21:00:00+00:00,0.761,0.76476,0.75067,0.76165,54518.0
2016-10-14 21:00:00+00:00,0.76222,0.77346,0.75815,0.76074,43900.0
2016-10-21 21:00:00+00:00,0.76101,0.77088,0.7558,0.75994,50165.0
2016-10-28 21:00:00+00:00,0.75872,0.76972,0.75835,0.76732,50383.0
2016-11-04 21:00:00+00:00,0.76797,0.77783,0.75254,0.75476,112063.0
2016-11-11 22:00:00+00:00,0.75461,0.75815,0.73304,0.7335,91958.0
2016-11-18 22:00:00+00:00,0.73309,0.74684,0.7311,0.74433,70826.0
2016-11-25 22:00:00+00:00,0.74447,0.74976,0.73704,0.74566,65790.0
2016-12-02 22:00:00+00:00,0.74525,0.75081,0.7413,0.74484,61380.0
2016-12-09 22:00:00+00:00,0.74472,0.75248,0.72664,0.73035,66052.0
2016-12-16 22:00:00+00:00,0.72832,0.7313,0.71602,0.71758,40279.0
2016-12-23 22:00:00+00:00,0.71866,0.7247,0.71638,0.72012,28030.0
2016-12-30 22:00:00+00:00,0.7198,0.73569,0.71927,0.72975,56617.0
2017-01-06 22:00:00+00:00,0.72968,0.75184,0.72887,0.75007,76291.0
2017-01-13 22:00:00+00:00,0.74807,0.75886,0.74584,0.75568,73761.0
2017-01-20 22:00:00+00:00,0.75573,0.76092,0.75116,0.75484,65165.0
2017-01-27 22:00:00+00:00,0.7561,0.7696,0.7528,0.76844,59666.0
2017-02-03 22:00:00+00:00,0.76765,0.76886,0.76059,0.76772,49277.0
2017-02-10 22:00:00+00:00,0.76806,0.7732,0.76181,0.76645,45841.0
2017-02-17 22:00:00+00:00,0.76742,0.77406,0.76496,0.76715,34702.0
2017-02-24 22:00:00+00:00,0.76818,0.7708,0.75428,0.75966,45017.0
2017-03-03 22:00:00+00:00,0.75892,0.7633,0.74912,0.75423,41040.0
2017-03-10 22:00:00+00:00,0.75489,0.77196,0.75342,0.77054,64131.0
2017-03-17 21:00:00+00:00,0.76931,0.77497,0.76038,0.76238,53199.0
2017-03-24 21:00:00+00:00,0.76358,0.76796,0.75876,0.7629,45338.0
2017-03-31 21:00:00+00:00,0.7634,0.76404,0.7494,0.75008,46011.0
2017-04-07 21:00:00+00:00,0.74931,0.75954,0.74734,0.75781,52838.0
2017-04-14 21:00:00+00:00,0.75771,0.76108,0.74916,0.75446,37546.0
2017-04-21 21:00:00+00:00,0.75887,0.75887,0.74402,0.74886,46976.0
2017-04-28 21:00:00+00:00,0.74718,0.75562,0.73677,0.74192,42541.0
2017-05-05 21:00:00+00:00,0.74128,0.74245,0.73294,0.73872,49240.0
2017-05-12 21:00:00+00:00,0.73924,0.74694,0.73852,0.74566,54039.0
2017-05-19 21:00:00+00:00,0.74532,0.75172,0.74222,0.74465,51612.0
2017-05-26 21:00:00+00:00,0.74398,0.74757,0.73728,0.74424,46485.0
2017-06-02 21:00:00+00:00,0.74252,0.75668,0.74225,0.753,48391.0
2017-06-09 21:00:00+00:00,0.75326,0.7636,0.7522,0.76221,46949.0
2017-06-16 21:00:00+00:00,0.76198,0.76293,0.75352,0.7568,34457.0
2017-06-23 21:00:00+00:00,0.75643,0.77123,0.75628,0.76888,40995.0
2017-06-30 21:00:00+00:00,0.76847,0.76952,0.75712,0.76046,44196.0
2017-07-07 21:00:00+00:00,0.76014,0.78342,0.75867,0.78282,35011.0
2017-07-14 21:00:00+00:00,0.78273,0.79902,0.77862,0.79146,67690.0
2017-07-21 21:00:00+00:00,0.79056,0.80658,0.7878,0.79862,72857.0
2017-07-28 21:00:00+00:00,0.79822,0.80432,0.78915,0.79298,68206.0
2017-08-04 21:00:00+00:00,0.79181,0.79487,0.78393,0.78936,55196.0
2017-08-11 21:00:00+00:00,0.78934,0.79626,0.78076,0.7928,51514.0
2017-08-18 21:00:00+00:00,0.79279,0.79544,0.78666,0.79336,44242.0
2017-08-25 21:00:00+00:00,0.79254,0.79956,0.78713,0.79694,83204.0
2017-09-01 21:00:00+00:00,0.7946,0.81252,0.79419,0.80534,86939.0
2017-09-08 21:00:00+00:00,0.80568,0.80588,0.79562,0.80044,78171.0
2017-09-15 21:00:00+00:00,0.79996,0.81042,0.79084,0.79623,83128.0
2017-09-22 21:00:00+00:00,0.79516,0.79736,0.77997,0.78346,71478.0
2017-09-29 21:00:00+00:00,0.78359,0.78753,0.77329,0.77735,57288.0
2017-10-06 21:00:00+00:00,0.77735,0.78974,0.77474,0.78899,45045.0
2017-10-13 21:00:00+00:00,0.7888,0.78896,0.78081,0.7816,54253.0
2017-10-20 21:00:00+00:00,0.7816,0.78346,0.76254,0.76774,68966.0
2017-10-27 21:00:00+00:00,0.76753,0.77301,0.76391,0.76502,57969.0
2017-11-03 21:00:00+00:00,0.76492,0.7701,0.76276,0.76624,41917.0
2017-11-10 22:00:00+00:00,0.76521,0.76659,0.75361,0.7565,45612.0
2017-11-17 22:00:00+00:00,0.7565,0.76384,0.75322,0.76201,48407.0
2017-11-24 22:00:00+00:00,0.76164,0.76447,0.75513,0.76127,53697.0
2017-12-01 22:00:00+00:00,0.75956,0.76537,0.75014,0.75097,45122.0
2017-12-08 22:00:00+00:00,0.75104,0.76945,0.75031,0.76448,48056.0
2017-12-15 22:00:00+00:00,0.7644,0.7721,0.76406,0.77122,35404.0
2017-12-22 22:00:00+00:00,0.7718,0.78251,0.77127,0.78069,20294.0
2017-12-29 22:00:00+00:00,0.78067,0.78748,0.77937,0.78628,35669.0
2018-01-05 22:00:00+00:00,0.78645,0.79251,0.78076,0.79162,52925.0
2018-01-12 22:00:00+00:00,0.79022,0.80386,0.79022,0.79941,68890.0
2018-01-19 22:00:00+00:00,0.79994,0.81357,0.79566,0.81108,92025.0
2018-01-26 22:00:00+00:00,0.81018,0.81182,0.79182,0.79219,100236.0
2018-02-02 22:00:00+00:00,0.79148,0.79538,0.77592,0.78116,134333.0
2018-02-09 22:00:00+00:00,0.78156,0.79884,0.77734,0.79093,99327.0
2018-02-16 22:00:00+00:00,0.79078,0.79356,0.77908,0.78408,86300.0
2018-02-23 22:00:00+00:00,0.78415,0.78935,0.77126,0.77627,92123.0
2018-03-02 22:00:00+00:00,0.77654,0.78538,0.77258,0.78469,82817.0
2018-03-09 22:00:00+00:00,0.78499,0.79164,0.77096,0.77138,58247.0
2018-03-16 21:00:00+00:00,0.77186,0.77859,0.76725,0.76973,86118.0
2018-03-23 21:00:00+00:00,0.77033,0.77576,0.76428,0.76822,98283.0
2018-03-30 21:00:00+00:00,0.76917,0.77268,0.765,0.76745,62436.0
2018-04-06 21:00:00+00:00,0.7681,0.78099,0.76522,0.77638,53741.0
2018-04-13 21:00:00+00:00,0.77692,0.78128,0.76554,0.76704,45118.0
2018-04-20 21:00:00+00:00,0.76736,0.76831,0.75319,0.75818,60957.0
2018-04-27 21:00:00+00:00,0.75776,0.75821,0.74726,0.75389,71783.0
2018-05-04 21:00:00+00:00,0.75427,0.75671,0.74126,0.75426,67526.0
2018-05-11 21:00:00+00:00,0.75438,0.75653,0.74473,0.75109,65350.0
2018-05-18 21:00:00+00:00,0.75232,0.76057,0.75031,0.75485,67697.0
2018-05-25 21:00:00+00:00,0.75608,0.7593,0.74762,0.75688,76010.0
2018-06-01 21:00:00+00:00,0.75688,0.7677,0.75607,0.75979,58487.0
2018-06-08 21:00:00+00:00,0.75923,0.76238,0.74394,0.7443,56535.0
2018-06-15 21:00:00+00:00,0.74433,0.74544,0.73459,0.74401,58865.0
2018-06-22 21:00:00+00:00,0.74406,0.74428,0.73236,0.7407,68876.0
2018-06-29 21:00:00+00:00,0.74128,0.7444,0.73107,0.74293,61851.0
2018-07-06 21:00:00+00:00,0.74333,0.74838,0.73603,0.74231,59395.0
2018-07-13 21:00:00+00:00,0.74226,0.74424,0.73182,0.74167,69396.0
2018-07-20 21:00:00+00:00,0.74183,0.74644,0.73596,0.74014,63790.0
2018-07-27 21:00:00+00:00,0.74039,0.74411,0.73484,0.74004,53906.0
2018-08-03 21:00:00+00:00,0.73985,0.7453,0.72809,0.72998,56906.0
2018-08-10 21:00:00+00:00,0.72767,0.73196,0.72022,0.73145,75113.0
2018-08-17 21:00:00+00:00,0.73166,0.73819,0.7238,0.73275,61955.0
2018-08-24 21:00:00+00:00,0.7328,0.73626,0.71762,0.71907,65426.0
2018-08-31 21:00:00+00:00,0.7194,0.72358,0.7099,0.71056,73416.0
2018-09-07 21:00:00+00:00,0.71018,0.72294,0.70854,0.71536,58752.0
2018-09-14 21:00:00+00:00,0.71549,0.7304,0.71422,0.72894,60537.0
2018-09-21 21:00:00+00:00,0.7264,0.7316,0.7202,0.72195,54298.0
2018-09-28 21:00:00+00:00,0.72272,0.72384,0.70424,0.70526,58768.0
2018-10-05 21:00:00+00:00,0.70562,0.71398,0.70411,0.71154,69671.0
2018-10-12 21:00:00+00:00,0.7113,0.71596,0.70894,0.71184,54255.0
2018-10-19 21:00:00+00:00,0.71162,0.71284,0.7021,0.70896,60789.0
2018-10-26 21:00:00+00:00,0.70971,0.72586,0.70506,0.71937,64837.0
2018-11-02 21:00:00+00:00,0.71934,0.73024,0.7183,0.72256,61171.0
2018-11-09 22:00:00+00:00,0.72196,0.73378,0.71642,0.73342,72814.0
2018-11-16 22:00:00+00:00,0.73088,0.73256,0.72028,0.72328,60083.0
2018-11-23 22:00:00+00:00,0.72292,0.73445,0.71994,0.73102,58850.0
2018-11-30 22:00:00+00:00,0.73785,0.73934,0.7192,0.72048,70642.0
2018-12-07 22:00:00+00:00,0.71865,0.72466,0.71516,0.71762,61075.0
2018-12-14 22:00:00+00:00,0.71746,0.72036,0.7031,0.70346,50924.0
2018-12-21 22:00:00+00:00,0.704,0.70778,0.7017,0.704,33889.0
2018-12-28 22:00:00+00:00,0.7041,0.71243,0.67268,0.71168,45388.0
2019-01-04 22:00:00+00:00,0.71152,0.72352,0.71096,0.72154,43473.0
2019-01-11 22:00:00+00:00,0.72132,0.72256,0.71468,0.71638,37855.0
2019-01-18 22:00:00+00:00,0.71665,0.71854,0.7076,0.71816,34154.0
2019-01-25 22:00:00+00:00,0.71768,0.7295,0.71384,0.72488,40785.0
2019-02-01 22:00:00+00:00,0.72477,0.72646,0.70606,0.7088,36081.0
2019-02-08 22:00:00+00:00,0.70886,0.71484,0.70542,0.71394,35642.0
2019-02-15 22:00:00+00:00,0.71354,0.72067,0.70702,0.71288,43997.0
2019-02-22 22:00:00+00:00,0.7138,0.7199,0.70696,0.70802,38576.0
2019-03-01 22:00:00+00:00,0.71112,0.71112,0.70034,0.70452,34178.0
2019-03-08 22:00:00+00:00,0.70316,0.70979,0.70267,0.70848,27402.0
2019-03-15 21:00:00+00:00,0.70874,0.71682,0.70568,0.70807,34992.0
2019-03-22 21:00:00+00:00,0.70797,0.71476,0.70638,0.70964,35798.0
2019-03-29 21:00:00+00:00,0.71216,0.71318,0.7053,0.71054,31193.0
2019-04-05 21:00:00+00:00,0.7105,0.71923,0.70877,0.71728,26308.0
2019-04-12 21:00:00+00:00,0.71788,0.72056,0.71369,0.71518,25309.0
2019-04-19 21:00:00+00:00,0.7153,0.71542,0.69884,0.70434,27061.0
2019-04-26 21:00:00+00:00,0.7038,0.70692,0.6985,0.7023,27449.0
2019-05-03 21:00:00+00:00,0.6969,0.70483,0.69629,0.7,47441.0
2019-05-10 21:00:00+00:00,0.69928,0.70047,0.6865,0.68678,30843.0
2019-05-17 21:00:00+00:00,0.69122,0.69347,0.6865,0.69274,27003.0
2019-05-24 21:00:00+00:00,0.6931,0.69443,0.68989,0.69368,24740.0
2019-05-31 21:00:00+00:00,0.693,0.70219,0.69274,0.70006,39529.0
2019-06-07 21:00:00+00:00,0.70092,0.70092,0.68616,0.68714,28553.0
2019-06-14 21:00:00+00:00,0.6875,0.69379,0.68318,0.69266,29359.0
2019-06-21 21:00:00+00:00,0.69322,0.70228,0.69291,0.70214,28309.0
2019-06-28 21:00:00+00:00,0.70314,0.70478,0.69562,0.69802,20478.0
2019-07-05 21:00:00+00:00,0.69784,0.70247,0.69107,0.70206,21602.0
2019-07-12 21:00:00+00:00,0.70158,0.70822,0.69964,0.7043,21987.0
2019-07-19 21:00:00+00:00,0.70424,0.70574,0.6903,0.69109,18433.0
2019-07-26 21:00:00+00:00,0.69058,0.69163,0.67633,0.67996,33355.0
2019-08-02 21:00:00+00:00,0.67955,0.68222,0.66774,0.67862,43138.0
2019-08-09 21:00:00+00:00,0.67842,0.68184,0.67356,0.67789,34686.0
2019-08-16 21:00:00+00:00,0.6782,0.67991,0.67358,0.67532,22843.0
2019-08-23 21:00:00+00:00,0.67398,0.67882,0.66897,0.67358,32037.0
2019-08-30 21:00:00+00:00,0.67286,0.68618,0.66876,0.6848,24168.0
2019-09-06 21:00:00+00:00,0.68432,0.68948,0.68376,0.68802,20374.0
2019-09-13 21:00:00+00:00,0.68625,0.68836,0.67602,0.67654,23734.0
2019-09-20 21:00:00+00:00,0.67704,0.68062,0.67393,0.67654,22669.0
2019-09-27 21:00:00+00:00,0.67628,0.67762,0.66708,0.67696,29209.0
2019-10-04 21:00:00+00:00,0.67562,0.68104,0.67104,0.67926,28603.0
2019-10-11 21:00:00+00:00,0.67894,0.68568,0.67236,0.68566,27020.0
2019-10-18 21:00:00+00:00,0.68566,0.68828,0.68093,0.68224,19069.0
2019-10-25 21:00:00+00:00,0.68214,0.69296,0.6811,0.69138,25649.0
2019-11-01 21:00:00+00:00,0.69136,0.6928,0.68477,0.68594,27315.0
2019-11-08 22:00:00+00:00,0.68576,0.68654,0.67697,0.68206,22584.0
2019-11-15 22:00:00+00:00,0.68148,0.68348,0.6774,0.67854,19985.0
2019-11-22 22:00:00+00:00,0.67906,0.67993,0.67544,0.67618,15947.0
2019-11-29 22:00:00+00:00,0.67691,0.6862,0.67617,0.68412,19370.0
2019-12-06 22:00:00+00:00,0.68412,0.69389,0.68005,0.68748,24453.0
2019-12-13 22:00:00+00:00,0.68852,0.69067,0.68385,0.69008,18700.0
2019-12-20 22:00:00+00:00,0.68944,0.6987,0.6892,0.6983,10256.0
2019-12-27 22:00:00+00:00,0.69752,0.7032,0.69304,0.6948,17631.0
2020-01-03 22:00:00+00:00,0.69418,0.69577,0.6849,0.69002,29701.0
2020-01-10 22:00:00+00:00,0.69002,0.69336,0.6871,0.68734,21106.0
2020-01-17 22:00:00+00:00,0.68737,0.68884,0.68176,0.68254,22967.0
2020-01-24 22:00:00+00:00,0.68136,0.68194,0.6683,0.6687,29456.0
2020-01-31 22:00:00+00:00,0.66846,0.67742,0.66624,0.66735,32267.0
2020-02-07 22:00:00+00:00,0.66674,0.67499,0.66666,0.67139,26510.0
2020-02-14 22:00:00+00:00,0.67221,0.67334,0.65862,0.66269,25349.0
2020-02-21 22:00:00+00:00,0.65868,0.66226,0.64339,0.65099,55809.0
2020-02-28 22:00:00+00:00,0.64661,0.66575,0.64638,0.66422,71493.0
2020-03-06 22:00:00+00:00,0.6609,0.6685,0.61238,0.61872,190836.0
2020-03-13 21:00:00+00:00,0.61452,0.63068,0.55084,0.58078,276358.0
2020-03-20 21:00:00+00:00,0.5807,0.62003,0.57002,0.61627,286282.0
2020-03-27 21:00:00+00:00,0.61582,0.6214,0.59803,0.5994,197154.0
2020-04-03 21:00:00+00:00,0.60156,0.63682,0.59915,0.63496,99856.0
2020-04-10 21:00:00+00:00,0.6349,0.64448,0.6264,0.6365,91576.0
2020-04-17 21:00:00+00:00,0.6367,0.64062,0.62535,0.63919,83799.0
2020-04-24 21:00:00+00:00,0.63833,0.657,0.63824,0.6419,69678.0
2020-05-01 21:00:00+00:00,0.64134,0.65479,0.6373,0.65324,65667.0
2020-05-08 21:00:00+00:00,0.65326,0.65616,0.64024,0.64144,82569.0
2020-05-15 21:00:00+00:00,0.64212,0.66162,0.64112,0.65367,66151.0
2020-05-22 21:00:00+00:00,0.65344,0.66833,0.65199,0.66689,78042.0
2020-05-29 21:00:00+00:00,0.66689,0.7013,0.66485,0.69688,110528.0
2020-06-05 21:00:00+00:00,0.69666,0.70644,0.67998,0.68667,137643.0
2020-06-12 21:00:00+00:00,0.6845,0.6977,0.67768,0.6834,143329.0
2020-06-19 21:00:00+00:00,0.68134,0.69748,0.68112,0.68654,91535.0
2020-06-26 21:00:00+00:00,0.68617,0.69523,0.6833,0.69408,66609.0
2020-07-03 21:00:00+00:00,0.69323,0.70012,0.69221,0.69499,64123.0
2020-07-10 21:00:00+00:00,0.69586,0.70378,0.69216,0.69947,61604.0
2020-07-17 21:00:00+00:00,0.6989,0.71828,0.6973,0.7106,71505.0
2020-07-24 21:00:00+00:00,0.70909,0.72272,0.70873,0.7143,79575.0
2020-07-31 21:00:00+00:00,0.71427,0.72432,0.70766,0.71575,72660.0
2020-08-07 21:00:00+00:00,0.7163,0.71897,0.71094,0.71712,58953.0
2020-08-14 21:00:00+00:00,0.71678,0.72757,0.71361,0.71614,54224.0
2020-08-21 21:00:00+00:00,0.71695,0.73678,0.71502,0.73658,58922.0
2020-08-28 21:00:00+00:00,0.73632,0.74138,0.72222,0.72816,74387.0
2020-09-04 21:00:00+00:00,0.72896,0.73246,0.71925,0.72844,59892.0
2020-09-11 21:00:00+00:00,0.72826,0.73452,0.72542,0.72911,62884.0
2020-09-18 21:00:00+00:00,0.72984,0.7324,0.7006,0.70302,75743.0
2020-09-25 21:00:00+00:00,0.70318,0.72092,0.70307,0.7162,68454.0
2020-10-02 21:00:00+00:00,0.71694,0.72434,0.70958,0.72408,49308.0
2020-10-09 21:00:00+00:00,0.7221,0.72366,0.70562,0.70804,47730.0
2020-10-16 21:00:00+00:00,0.70799,0.71581,0.70209,0.7139,45036.0
2020-10-23 21:00:00+00:00,0.71354,0.71571,0.70026,0.70284,57648.0
2020-10-30 21:00:00+00:00,0.7025,0.72894,0.69913,0.72597,124698.0
2020-11-06 22:00:00+00:00,0.7278,0.73399,0.72216,0.727,83722.0
2020-11-13 22:00:00+00:00,0.72698,0.73398,0.72547,0.73037,51412.0
2020-11-20 22:00:00+00:00,0.73032,0.73988,0.72656,0.73857,38770.0
2020-11-27 22:00:00+00:00,0.73856,0.74496,0.73392,0.74258,46916.0
2020-12-04 22:00:00+00:00,0.7432,0.75722,0.73725,0.75328,47228.0
2020-12-11 22:00:00+00:00,0.75506,0.76398,0.75076,0.76213,42113.0
2020-12-18 22:00:00+00:00,0.75876,0.7607,0.7462,0.75916,53060.0
2020-12-25 22:00:00+00:00,0.76026,0.77422,0.75576,0.76926,37038.0
2021-01-01 22:00:00+00:00,0.77046,0.78201,0.76426,0.77597,99772.0
2021-01-08 22:00:00+00:00,0.77546,0.78052,0.76662,0.77022,73052.0
2021-01-15 22:00:00+00:00,0.77086,0.77822,0.76591,0.77156,57569.0
2021-01-22 22:00:00+00:00,0.77174,0.77638,0.7592,0.76443,91322.0
2021-01-29 22:00:00+00:00,0.7622,0.76789,0.75638,0.76782,61535.0
2021-02-05 22:00:00+00:00,0.76695,0.77716,0.76514,0.77609,42212.0
2021-02-12 22:00:00+00:00,0.7767,0.78771,0.77246,0.78698,51281.0
2021-02-19 22:00:00+00:00,0.78715,0.80072,0.76924,0.77038,100085.0
2021-02-26 22:00:00+00:00,0.7712,0.78382,0.76222,0.76879,109516.0
2021-03-05 22:00:00+00:00,0.76944,0.78006,0.76216,0.77606,82571.0
2021-03-12 22:00:00+00:00,0.77624,0.78494,0.76996,0.77397,71774.0
2021-03-19 21:00:00+00:00,0.77076,0.77566,0.75632,0.76357,61036.0
2021-03-26 21:00:00+00:00,0.76357,0.76639,0.75321,0.76092,48300.0
2021-04-02 21:00:00+00:00,0.76092,0.76772,0.75883,0.76186,44638.0
2021-04-09 21:00:00+00:00,0.7622,0.77612,0.75851,0.77356,48064.0
2021-04-16 21:00:00+00:00,0.77303,0.78159,0.76906,0.77467,52559.0
2021-04-23 21:00:00+00:00,0.77407,0.78181,0.76961,0.7712,51952.0
2021-04-30 21:00:00+00:00,0.77236,0.78626,0.76751,0.78441,54392.0
2021-05-07 21:00:00+00:00,0.78596,0.7891,0.76882,0.7776,70861.0
2021-05-14 21:00:00+00:00,0.77704,0.78136,0.7711,0.77344,62606.0
2021-05-21 21:00:00+00:00,0.77303,0.77958,0.76775,0.77131,50025.0
2021-05-28 21:00:00+00:00,0.77125,0.77736,0.76456,0.774,41601.0
2021-06-04 21:00:00+00:00,0.77348,0.77755,0.76883,0.77059,36055.0
2021-06-11 21:00:00+00:00,0.77061,0.77259,0.74786,0.74786,62295.0
2021-06-18 21:00:00+00:00,0.74852,0.76166,0.74636,0.75909,53434.0
2021-06-25 21:00:00+00:00,0.75766,0.76056,0.74446,0.75254,43821.0
2021-07-02 21:00:00+00:00,0.75242,0.75992,0.74097,0.74867,57214.0
2021-07-09 21:00:00+00:00,0.74811,0.75033,0.73924,0.74009,49156.0
2021-07-16 21:00:00+00:00,0.74027,0.74059,0.72896,0.73648,52195.0
2021-07-23 21:00:00+00:00,0.73662,0.74136,0.73172,0.73438,53476.0
2021-07-30 21:00:00+00:00,0.73344,0.74267,0.73293,0.73562,41590.0
2021-08-06 21:00:00+00:00,0.73598,0.73894,0.73162,0.7372,32344.0
2021-08-13 21:00:00+00:00,0.73686,0.7373,0.71064,0.71382,51831.0
2021-08-20 21:00:00+00:00,0.71226,0.7317,0.71209,0.73139,41698.0
2021-08-27 21:00:00+00:00,0.73072,0.74782,0.72846,0.74558,41266.0
2021-09-03 21:00:00+00:00,0.74607,0.74686,0.73452,0.73546,48739.0
2021-09-10 21:00:00+00:00,0.73573,0.73758,0.72624,0.7271,46963.0
2021-09-17 21:00:00+00:00,0.72637,0.73166,0.72205,0.72544,66019.0
2021-09-24 21:00:00+00:00,0.72564,0.73111,0.71706,0.72599,69933.0
2021-10-01 21:00:00+00:00,0.72596,0.7338,0.7226,0.73075,64478.0
2021-10-08 21:00:00+00:00,0.7307,0.74399,0.72923,0.74223,48595.0
2021-10-15 21:00:00+00:00,0.74164,0.75464,0.7379,0.7467,47065.0
2021-10-22 21:00:00+00:00,0.74675,0.75556,0.74642,0.75167,49194.0
2021-10-29 21:00:00+00:00,0.75102,0.75361,0.736,0.7399,50097.0
2021-11-05 21:00:00+00:00,0.73943,0.74316,0.7277,0.73304,42204.0
2021-11-12 22:00:00+00:00,0.7325,0.73704,0.72272,0.72308,43461.0
2021-11-19 22:00:00+00:00,0.72358,0.72734,0.71128,0.7121,56786.0
2021-11-26 22:00:00+00:00,0.71382,0.7173,0.69932,0.69987,72328.0
2021-12-03 22:00:00+00:00,0.70025,0.71868,0.7,0.7173,42309.0
2021-12-10 22:00:00+00:00,0.7169,0.72236,0.70903,0.71256,48533.0
2021-12-17 22:00:00+00:00,0.71294,0.72516,0.70825,0.72238,33300.0
2021-12-24 22:00:00+00:00,0.72279,0.72774,0.7206,0.72685,25597.0
2021-12-31 22:00:00+00:00,0.72636,0.72771,0.71298,0.71814,39887.0
2022-01-07 22:00:00+00:00,0.71761,0.7314,0.71488,0.72101,44116.0
2022-01-14 22:00:00+00:00,0.72181,0.72765,0.717,0.7175,54664.0
2022-01-21 22:00:00+00:00,0.71738,0.71876,0.69676,0.69952,84428.0
2022-01-28 22:00:00+00:00,0.69924,0.71684,0.69875,0.70766,60975.0
2022-02-04 22:00:00+00:00,0.70798,0.72486,0.70653,0.71309,66487.0
2022-02-11 22:00:00+00:00,0.71292,0.7228,0.70864,0.71788,540197.0
2022-02-18 22:00:00+00:00,0.71784,0.72839,0.70948,0.72307,701114.0
2022-02-25 22:00:00+00:00,0.71894,0.73807,0.71678,0.7375,561339.0
2022-03-04 22:00:00+00:00,0.73768,0.74414,0.72452,0.72915,602744.0
2022-03-11 22:00:00+00:00,0.72898,0.7418,0.71652,0.74138,483665.0
2022-03-18 21:00:00+00:00,0.74104,0.7537,0.73738,0.75155,372576.0
2022-03-25 21:00:00+00:00,0.75072,0.75402,0.74563,0.74992,442984.0
2022-04-01 21:00:00+00:00,0.749,0.76613,0.74264,0.74602,390691.0
2022-04-08 21:00:00+00:00,0.74588,0.74936,0.7391,0.73952,362320.0
2022-04-15 21:00:00+00:00,0.73925,0.74583,0.72348,0.72447,354288.0
2022-04-22 21:00:00+00:00,0.72501,0.72547,0.7055,0.7061,558861.0
2022-04-29 21:00:00+00:00,0.70707,0.72496,0.703,0.70766,591822.0
2022-05-06 21:00:00+00:00,0.70688,0.70745,0.6829,0.69391,744582.0
2022-05-13 21:00:00+00:00,0.69277,0.70737,0.68723,0.7046,607540.0
2022-05-20 21:00:00+00:00,0.70525,0.71668,0.70356,0.71602,500304.0
2022-05-27 21:00:00+00:00,0.71612,0.7283,0.7141,0.72078,407803.0
2022-06-03 21:00:00+00:00,0.72141,0.7248,0.70375,0.70434,482949.0
2022-06-10 21:00:00+00:00,0.70392,0.70691,0.68506,0.69351,650945.0
2022-06-17 21:00:00+00:00,0.69227,0.6996,0.68693,0.69396,369903.0
2022-06-24 21:00:00+00:00,0.69484,0.69646,0.6764,0.68162,445045.0
2022-07-01 21:00:00+00:00,0.68134,0.6895,0.67616,0.68525,435534.0
2022-07-08 21:00:00+00:00,0.68452,0.68566,0.66816,0.67934,506844.0
2022-07-15 21:00:00+00:00,0.67891,0.69775,0.67886,0.6925,428252.0
2022-07-22 21:00:00+00:00,0.6926,0.70318,0.68787,0.69901,395751.0
2022-07-29 21:00:00+00:00,0.69976,0.7047,0.687,0.6912,393519.0
2022-08-05 21:00:00+00:00,0.69094,0.71368,0.68981,0.71228,344172.0
2022-08-12 21:00:00+00:00,0.71191,0.7125,0.68592,0.68775,364097.0
2022-08-19 21:00:00+00:00,0.68692,0.70092,0.68562,0.68919,405803.0
2022-08-26 21:00:00+00:00,0.68762,0.69562,0.67712,0.68119,465804.0
2022-09-02 21:00:00+00:00,0.67804,0.68772,0.66992,0.68446,458717.0
2022-09-09 21:00:00+00:00,0.68332,0.69162,0.66698,0.67212,450877.0
2022-09-16 21:00:00+00:00,0.6718,0.67476,0.65116,0.6531,480282.0
2022-09-23 21:00:00+00:00,0.65182,0.65381,0.63633,0.64041,675859.0
2022-09-30 21:00:00+00:00,0.64062,0.65474,0.63545,0.63645,569378.0
2022-10-07 21:00:00+00:00,0.63651,0.63803,0.61702,0.6204,649724.0
2022-10-14 21:00:00+00:00,0.62102,0.63932,0.6204,0.63845,607182.0
2022-10-21 21:00:00+00:00,0.63935,0.6522,0.62725,0.64132,602644.0
2022-10-28 21:00:00+00:00,0.6403,0.64928,0.62722,0.64712,583201.0
2022-11-04 21:00:00+00:00,0.64202,0.67171,0.63864,0.67045,606129.0
2022-11-11 22:00:00+00:00,0.67014,0.67978,0.66344,0.66749,646185.0
2022-11-18 22:00:00+00:00,0.66681,0.67812,0.65851,0.67522,430153.0
2022-11-25 22:00:00+00:00,0.6722,0.68456,0.66404,0.67949,547435.0
2022-12-02 22:00:00+00:00,0.67842,0.68512,0.6669,0.67965,477075.0
2022-12-09 22:00:00+00:00,0.67998,0.68934,0.66754,0.66862,528566.0
2022-12-16 22:00:00+00:00,0.67022,0.67674,0.66292,0.67136,481695.0
2022-12-23 22:00:00+00:00,0.67278,0.68212,0.67106,0.68181,316559.0
2022-12-30 22:00:00+00:00,0.68194,0.6887,0.6688,0.68754,468808.0
2023-01-06 22:00:00+00:00,0.68789,0.69944,0.68598,0.6976,511640.0
2023-01-13 22:00:00+00:00,0.6972,0.70638,0.68718,0.69684,518937.0
2023-01-20 22:00:00+00:00,0.69672,0.71426,0.69622,0.71092,470347.0
2023-01-27 22:00:00+00:00,0.71017,0.71578,0.69192,0.69219,535866.0
2023-02-03 22:00:00+00:00,0.6905,0.70114,0.68556,0.69188,484997.0
2023-02-10 22:00:00+00:00,0.69226,0.70301,0.68118,0.68786,508365.0
2023-02-17 22:00:00+00:00,0.68704,0.69208,0.67186,0.67264,443042.0
2023-02-24 22:00:00+00:00,0.67318,0.67838,0.66951,0.67694,420784.0
2023-03-03 22:00:00+00:00,0.6753,0.67698,0.65644,0.65831,453761.0
2023-03-10 22:00:00+00:00,0.66125,0.67246,0.65902,0.67008,671217.0
2023-03-17 21:00:00+00:00,0.67159,0.6759,0.66252,0.66445,420669.0
2023-03-24 21:00:00+00:00,0.66526,0.6738,0.6634,0.6685,300368.0
2023-03-31 21:00:00+00:00,0.66867,0.67934,0.6641,0.6669,300544.0
2023-04-07 21:00:00+00:00,0.666,0.68064,0.66194,0.67102,294000.0
2023-04-14 21:00:00+00:00,0.67045,0.67718,0.66778,0.66934,275512.0
2023-04-21 21:00:00+00:00,0.66962,0.67056,0.6574,0.66165,303225.0
2023-04-28 21:00:00+00:00,0.66151,0.67571,0.66075,0.67525,341946.0
2023-05-05 21:00:00+00:00,0.67473,0.68182,0.66362,0.66425,273403.0
2023-05-12 21:00:00+00:00,0.6649,0.67098,0.6605,0.66506,277636.0
2023-05-19 21:00:00+00:00,0.66466,0.66678,0.64904,0.65175,298309.0
2023-05-26 21:00:00+00:00,0.65214,0.66388,0.64583,0.66056,269232.0
2023-06-02 21:00:00+00:00,0.66094,0.67509,0.65794,0.67437,263612.0
2023-06-09 21:00:00+00:00,0.67379,0.68999,0.67314,0.68751,276476.0
2023-06-16 21:00:00+00:00,0.68844,0.68845,0.6663,0.66776,305253.0
2023-06-23 21:00:00+00:00,0.66813,0.6721,0.65953,0.66591,299020.0
2023-06-30 21:00:00+00:00,0.66637,0.67056,0.65992,0.66921,215446.0
2023-07-07 21:00:00+00:00,0.66832,0.68951,0.66238,0.6838,251246.0
2023-07-14 21:00:00+00:00,0.68378,0.68469,0.67226,0.67319,293268.0
2023-07-21 21:00:00+00:00,0.67332,0.68212,0.66226,0.66476,325883.0
2023-07-28 21:00:00+00:00,0.66571,0.67395,0.65141,0.65701,308818.0
2023-08-04 21:00:00+00:00,0.65728,0.6617,0.64861,0.64964,306681.0
2023-08-11 21:00:00+00:00,0.64966,0.65224,0.63646,0.64052,331483.0
2023-08-18 21:00:00+00:00,0.641,0.64882,0.638,0.64028,254261.0
2023-08-25 21:00:00+00:00,0.64065,0.65223,0.64013,0.64503,244636.0
2023-09-01 21:00:00+00:00,0.64462,0.64806,0.63574,0.63772,205512.0
2023-09-08 21:00:00+00:00,0.63867,0.64735,0.63773,0.6431,226867.0
2023-09-15 21:00:00+00:00,0.6444,0.65112,0.63854,0.64412,211512.0
2023-09-22 21:00:00+00:00,0.6445,0.6501,0.63315,0.64328,235966.0
2023-09-29 21:00:00+00:00,0.64226,0.6445,0.62856,0.63846,272869.0
2023-10-06 21:00:00+00:00,0.63599,0.64452,0.62864,0.62956,258022.0
2023-10-13 21:00:00+00:00,0.63034,0.63934,0.62961,0.63143,250254.0
2023-10-20 21:00:00+00:00,0.63174,0.63997,0.62705,0.63338,245201.0
2023-10-27 21:00:00+00:00,0.63388,0.65184,0.63146,0.65128,236709.0
2023-11-03 21:00:00+00:00,0.65082,0.6523,0.63386,0.63594,203487.0
2023-11-10 22:00:00+00:00,0.63576,0.65425,0.63523,0.65146,213151.0
2023-11-17 22:00:00+00:00,0.65066,0.65912,0.6501,0.65842,203614.0
2023-11-24 22:00:00+00:00,0.65808,0.66767,0.65668,0.66752,250695.0
2023-12-01 22:00:00+00:00,0.6669,0.66906,0.65255,0.65751,278160.0
2023-12-08 22:00:00+00:00,0.65707,0.67286,0.65398,0.67038,275282.0
2023-12-15 22:00:00+00:00,0.6701,0.6825,0.66904,0.67997,244304.0
2023-12-22 22:00:00+00:00,0.68082,0.68711,0.67812,0.68119,141350.0
2023-12-29 22:00:00+00:00,0.68116,0.68392,0.66406,0.67162,230184.0
2024-01-05 22:00:00+00:00,0.6717,0.67348,0.66471,0.66858,251744.0
2024-01-12 22:00:00+00:00,0.66868,0.67046,0.6525,0.65972,248027.0
2024-01-19 22:00:00+00:00,0.65948,0.66211,0.65516,0.65762,252979.0
2024-01-26 22:00:00+00:00,0.65725,0.66244,0.65024,0.65126,275199.0
2024-02-02 22:00:00+00:00,0.65112,0.65402,0.64688,0.65242,214147.0
2024-02-09 22:00:00+00:00,0.6521,0.65446,0.64428,0.65308,189239.0
2024-02-16 22:00:00+00:00,0.65311,0.6595,0.65215,0.65642,181435.0
2024-02-23 22:00:00+00:00,0.65658,0.6567,0.6487,0.65247,202863.0
2024-03-01 22:00:00+00:00,0.65266,0.66677,0.64775,0.66251,215982.0
2024-03-08 22:00:00+00:00,0.66274,0.6639,0.6552,0.65602,192461.0
2024-03-15 21:00:00+00:00,0.65614,0.66347,0.6504,0.65146,193975.0
2024-03-22 21:00:00+00:00,0.65145,0.65591,0.64854,0.6516,148907.0
2024-03-29 21:00:00+00:00,0.65184,0.6619,0.64809,0.65792,161404.0
2024-04-05 21:00:00+00:00,0.65748,0.66444,0.64561,0.64622,220638.0
2024-04-12 21:00:00+00:00,0.6466,0.64932,0.63623,0.64176,260810.0
2024-04-19 21:00:00+00:00,0.64148,0.65544,0.64133,0.65338,187836.0
2024-04-26 21:00:00+00:00,0.6531,0.66494,0.64653,0.66097,224743.0
2024-05-03 21:00:00+00:00,0.66188,0.66439,0.6558,0.66034,143316.0
2024-05-10 21:00:00+00:00,0.66025,0.67141,0.65794,0.66935,154695.0
2024-05-17 21:00:00+00:00,0.66944,0.67094,0.65922,0.6628,172582.0
2024-05-24 21:00:00+00:00,0.66264,0.66799,0.65908,0.66536,178784.0
2024-05-31 21:00:00+00:00,0.66547,0.66986,0.6579,0.65802,227713.0
2024-06-07 21:00:00+00:00,0.65804,0.67043,0.65761,0.6615,225850.0
2024-06-14 21:00:00+00:00,0.66078,0.66794,0.65854,0.66406,158176.0
2024-06-21 21:00:00+00:00,0.664,0.66886,0.66198,0.66699,198369.0
2024-06-28 21:00:00+00:00,0.66822,0.6753,0.66342,0.6749,210286.0
2024-07-05 21:00:00+00:00,0.67372,0.67986,0.6724,0.67842,287144.0
2024-07-12 21:00:00+00:00,0.6773,0.67888,0.66802,0.66848,348668.0
2024-07-19 21:00:00+00:00,0.66915,0.67024,0.65138,0.65472,349225.0
2024-07-26 21:00:00+00:00,0.655,0.65686,0.64796,0.65112,425585.0
2024-08-02 21:00:00+00:00,0.65126,0.66054,0.63484,0.65718,648937.0
2024-08-09 21:00:00+00:00,0.65684,0.66714,0.6564,0.66699,352198.0
2024-08-16 21:00:00+00:00,0.66656,0.67986,0.66581,0.67968,347502.0
2024-08-23 21:00:00+00:00,0.6792,0.68239,0.67516,0.67654,334889.0
2024-08-30 21:00:00+00:00,0.6766,0.67948,0.666,0.66702,349085.0
2024-09-06 21:00:00+00:00,0.66681,0.67328,0.66222,0.67046,345371.0
2024-09-13 21:00:00+00:00,0.67072,0.68391,0.67036,0.68073,389594.0
2024-09-20 21:00:00+00:00,0.68016,0.69373,0.68004,0.69019,376635.0
2024-09-27 21:00:00+00:00,0.69006,0.69426,0.67856,0.6794,409032.0
2024-10-04 21:00:00+00:00,0.67928,0.68102,0.67015,0.67509,398168.0
2024-10-11 21:00:00+00:00,0.67412,0.67464,0.66584,0.67066,360141.0
2024-10-18 21:00:00+00:00,0.67044,0.67234,0.66012,0.66045,408945.0
2024-10-25 21:00:00+00:00,0.66149,0.66171,0.65369,0.65594,441916.0
2024-11-01 21:00:00+00:00,0.66099,0.6688,0.65124,0.65826,696724.0
2024-11-08 22:00:00+00:00,0.65866,0.65984,0.64408,0.64618,566039.0
2024-11-15 22:00:00+00:00,0.64642,0.65446,0.6448,0.65008,555441.0
2024-11-22 22:00:00+00:00,0.65345,0.65498,0.64342,0.65142,557851.0
2024-11-29 22:00:00+00:00,0.65134,0.6516,0.63728,0.63892,502426.0
2024-12-06 22:00:00+00:00,0.63919,0.64716,0.63368,0.63624,425307.0
2024-12-13 22:00:00+00:00,0.63529,0.63828,0.6199,0.62511,425404.0
2024-12-20 22:00:00+00:00,0.62574,0.62661,0.62006,0.6217,257233.0
2024-12-27 22:00:00+00:00,0.62185,0.62468,0.61792,0.62171,278466.0
2025-01-03 22:00:00+00:00,0.62148,0.63022,0.61394,0.61462,428466.0
2025-01-10 22:00:00+00:00,0.61495,0.62467,0.61311,0.61914,401770.0
2025-01-17 22:00:00+00:00,0.6199,0.63308,0.61902,0.63142,470566.0
2025-01-24 22:00:00+00:00,0.6304,0.6308,0.61989,0.62108,456974.0
2025-01-31 22:00:00+00:00,0.61596,0.63018,0.60878,0.62726,542088.0
2025-02-07 22:00:00+00:00,0.62403,0.63678,0.62352,0.63516,401239.0
2025-02-14 22:00:00+00:00,0.63476,0.64086,0.63277,0.63567,360614.0
2025-02-21 22:00:00+00:00,0.63612,0.63922,0.61926,0.62094,458644.0
2025-02-28 22:00:00+00:00,0.62156,0.63641,0.6187,0.63066,659715.0
2025-03-07 22:00:00+00:00,0.631,0.63338,0.6259,0.63268,505312.0
2025-03-14 21:00:00+00:00,0.63203,0.6391,0.6258,0.62728,318450.0
2025-03-21 21:00:00+00:00,0.62733,0.63307,0.62677,0.62878,290581.0
2025-03-28 21:00:00+00:00,0.62884,0.6389,0.59868,0.60401,644520.0
2025-04-04 21:00:00+00:00,0.59987,0.63009,0.5914,0.62902,1536437.0
2025-04-11 21:00:00+00:00,0.63017,0.63943,0.62752,0.6376,1226107.0
2025-04-18 21:00:00+00:00,0.63724,0.64394,0.63436,0.63968,474564.0
2025-04-25 21:00:00+00:00,0.63924,0.64698,0.63561,0.6445,395197.0
2025-05-02 21:00:00+00:00,0.64553,0.65149,0.63712,0.64114,380689.0
2025-05-09 21:00:00+00:00,0.6421,0.65012,0.63565,0.64034,423183.0
2025-05-16 21:00:00+00:00,0.64029,0.64996,0.63918,0.64954,356147.0
2025-05-23 21:00:00+00:00,0.64916,0.65376,0.64073,0.64319,348290.0
2025-05-30 21:00:00+00:00,0.64346,0.65382,0.64334,0.64931,338385.0
2025-06-06 21:00:00+00:00,0.64982,0.6546,0.64562,0.6487,382766.0
2025-06-13 21:00:00+00:00,0.64823,0.65522,0.64458,0.64492,435986.0
2025-06-20 21:00:00+00:00,0.64294,0.6564,0.63726,0.65309,474335.0
2025-06-27 21:00:00+00:00,0.6537,0.65904,0.65229,0.65539,385228.0
2025-07-04 21:00:00+00:00,0.6565,0.65953,0.64854,0.6576,372596.0
2025-07-11 21:00:00+00:00,0.65642,0.65877,0.64542,0.65067,303326.0
2025-07-18 21:00:00+00:00,0.65164,0.66253,0.6498,0.6566,284150.0
2025-07-25 21:00:00+00:00,0.65746,0.65863,0.6419,0.64688,396887.0
2025-08-01 21:00:00+00:00,0.64677,0.65414,0.64496,0.6522,301825.0
2025-08-08 21:00:00+00:00,0.65239,0.65688,0.64818,0.6508,264444.0
2025-08-15 21:00:00+00:00,0.65102,0.65244,0.64146,0.64914,246105.0
2025-08-22 21:00:00+00:00,0.64922,0.65487,0.64624,0.6539,227446.0
2025-08-29 21:00:00+00:00,0.65461,0.65888,0.64832,0.65565,266425.0
2025-09-05 21:00:00+00:00,0.65528,0.6669,0.6546,0.665,268955.0
2025-09-12 21:00:00+00:00,0.66415,0.67071,0.6586,0.65929,285261.0
2025-09-19 21:00:00+00:00,0.65949,0.66281,0.65206,0.6547,267882.0
2025-09-26 21:00:00+00:00,0.65494,0.6629,0.65468,0.66022,274774.0
2025-10-03 21:00:00+00:00,0.65838,0.66245,0.64702,0.64735,338483.0
2025-10-10 21:00:00+00:00,0.65054,0.65328,0.64404,0.64958,425558.0
2025-10-17 21:00:00+00:00,0.64924,0.6529,0.64729,0.65141,319047.0
2025-10-24 21:00:00+00:00,0.65388,0.66178,0.65284,0.65447,350625.0
2025-10-31 21:00:00+00:00,0.65446,0.65625,0.64586,0.64931,331434.0
2025-11-07 22:00:00+00:00,0.64975,0.65804,0.64904,0.65353,347861.0
2025-11-14 22:00:00+00:00,0.65346,0.65376,0.64214,0.64557,437678.0
2025-11-21 22:00:00+00:00,0.6461,0.65596,0.64363,0.65496,474262.0
2025-11-28 22:00:00+00:00,0.65409,0.6649,0.65367,0.66411,328732.0
2025-12-05 22:00:00+00:00,0.66354,0.6686,0.66084,0.66533,352718.0
2025-12-12 22:00:00+00:00,0.6644,0.66618,0.65926,0.66116,351402.0
2025-12-19 22:00:00+00:00,0.66145,0.67248,0.66056,0.67152,247494.0
2025-12-26 22:00:00+00:00,0.67037,0.67274,0.666,0.6695,246854.0
2026-01-02 22:00:00+00:00,0.66831,0.67666,0.6663,0.66865,327288.0
2026-01-09 22:00:00+00:00,0.66786,0.67275,0.66674,0.66836,309714.0
2026-01-16 22:00:00+00:00,0.66718,0.6899,0.66684,0.68963,354618.0
2026-01-23 22:00:00+00:00,0.69234,0.70942,0.69016,0.6963,657624.0
2026-01-30 22:00:00+00:00,0.69531,0.70504,0.6897,0.70133,728652.0
2026-02-06 22:00:00+00:00,0.70206,0.71472,0.70101,0.70735,537819.0
2026-02-13 22:00:00+00:00,0.70653,0.70967,0.70156,0.70841,476678.0
2026-02-20 22:00:00+00:00,0.70794,0.71366,0.70266,0.7116,447845.0
2026-02-27 22:00:00+00:00,0.70454,0.71228,0.69444,0.703,973245.0
2026-03-06 22:00:00+00:00,0.69861,0.71876,0.69562,0.69812,881348.0
2026-03-13 21:00:00+00:00,0.69926,0.71234,0.69862,0.70216,675727.0
2026-03-20 21:00:00+00:00,0.70042,0.70627,0.68642,0.68732,996356.0
2026-03-27 21:00:00+00:00,0.6866,0.69627,0.68334,0.6895,640793.0
2026-04-03 21:00:00+00:00,0.68882,0.70949,0.68762,0.70639,627975.0
2026-04-10 21:00:00+00:00,0.69946,0.7222,0.69927,0.71674,448608.0
2026-04-17 21:00:00+00:00,0.71272,0.71862,0.71112,0.71478,502322.0
2026-04-24 21:00:00+00:00,0.71311,0.7228,0.71018,0.72024,455139.0
2026-05-01 21:00:00+00:00,0.72163,0.72777,0.71358,0.72473,473088.0
2026-05-08 21:00:00+00:00,0.72233,0.72718,0.71399,0.71482,399250.0
2026-05-15 21:00:00+00:00,0.71528,0.71845,0.70796,0.71281,505832.0
2026-05-22 21:00:00+00:00,0.71577,0.72006,0.70979,0.71842,339625.0
2026-05-29 21:00:00+00:00,0.71711,0.71903,0.70376,0.70452,355717.0
2026-06-05 21:00:00+00:00,0.70276,0.70784,0.69789,0.70452,709515.0
2026-06-12 21:00:00+00:00,0.70436,0.70884,0.69895,0.70138,387447.0
2026-06-19 21:00:00+00:00,0.7011,0.70194,0.68754,0.68947,396149.0
2026-06-26 21:00:00+00:00,0.68921,0.69498,0.68654,0.69409,335838.0
2026-07-03 21:00:00+00:00,0.694,0.69699,0.69066,0.69524,304294.0
2026-07-10 21:00:00+00:00,0.69487,0.70212,0.6913,0.69816,363555.0
2026-07-17 21:00:00+00:00,0.69664,0.70269,0.69622,0.69837,295516.0
2026-07-24 21:00:00+00:00,0.70016,0.70447,0.69222,0.70304,392420.0
2026-07-31 21:00:00+00:00,0.70456,0.7078,0.6984,0.70685,282953.0
2026-08-07 21:00:00+00:00,0.70656,0.70958,0.70394,0.70852,225878.0
2026-08-14 21:00:00+00:00,0.70834,0.71802,0.70669,0.71706,288773.0
2026-08-21 21:00:00+00:00,0.71611,0.72082,0.71378,0.71622,277886.0
2026-08-28 21:00:00+00:00,0.71568,0.72146,0.71216,0.72039,334782.0
2026-09-04 21:00:00+00:00,0.72008,0.7238,0.715,0.71706,301919.0
2026-09-11 21:00:00+00:00,0.71633,0.71676,0.70751,0.7125,309191.0
2026-09-18 21:00:00+00:00,0.71136,0.71404,0.7004,0.70244,316061.0
2026-09-25 21:00:00+00:00,0.70118,0.70394,0.6904,0.69574,456968.0
2026-10-02 21:00:00+00:00,0.69479,0.699,0.69325,0.69842,271438.0
